13
102
139
376
132
213
84
203
169
295
3
110
217
200
77
126
260
85
372
159
359
167
240
262
254
82
285
196
298
245
103
330
369
246
23
152
72
17
158
183
173
179
181
35
180
271
233
287
62
12
138
125
283
297
342
345
208
205
60
148
206
367
176
151
277
24
129
119
118
69
291
74
145
293
327
322
30
321
379
325
309
308
299
168
186
133
155
320
364
312
55
163
382
44
323
185
39
225
45
232
334
214
174
117
375
120
247
356
353
94
198
332
204
220
164
106
268
264
9
261
116
274
211
107
338
22
73
370
241
57
95
104
156
90
28
38
349
189
19
79
89
221
340
306
58
358
265
263
337
259
8
199
190
170
269
131
36
242
123
360
165
67
137
70
284
346
134
378
276
26
316
111
59
99
127
302
21
136
121
48
215
20
68
61
243
147
381
201
10
53
218
344
87
209
96
273
97
51
313
130
160
109
281
144
318
280
52
27
108
229
305
362
172
255
314
11
33
162
128
335
244
4
310
351
2
43
339
50
212
41
253
301
288
303
373
278
194
252
257
352
324
54
319
374
105
188
34
329
88
236
380
75
178
226
348
142
1
71
197
267
250
14
122
184
124
231
92
222
357
66
210
331
223
336
361
112
63
383
37
368
100
270
149
192
31
171
237
227
341
135
251
25
81
363
83
191
80
371
311
279
175
86
29
248
275
272
216
