258
360
312
308
375
30
247
124
41
133
138
205
326
97
130
328
73
221
0
84
174
370
339
338
105
96
276
373
254
102
37
341
135
16
200
246
22
156
334
166
288
311
54
242
343
349
128
368
323
63
68
39
267
303
259
173
38
9
42
90
208
76
134
347
207
300
262
229
266
24
145
89
289
4
231
65
19
177
149
158
337
1
110
235
5
314
33
113
220
336
161
292
377
23
331
297
153
301
34
333
163
365
66
120
272
357
285
249
192
342
15
181
88
283
165
155
233
239
306
198
361
111
362
234
52
346
51
18
317
263
257
104
118
29
274
243
313
13
57
185
197
35
277
202
310
382
78
142
40
169
62
211
92
151
150
171
275
372
340
109
74
93
186
125
307
48
175
212
117
178
61
114
86
8
225
122
152
245
383
203
206
123
371
359
157
196
218
191
121
344
260
295
147
7
182
6
26
144
251
320
168
250
154
131
14
255
47
108
364
209
270
127
204
12
228
348
143
87
21
85
83
71
369
25
356
319
374
265
137
232
46
162
294
350
327
55
187
287
140
324
315
184
126
112
379
296
291
302
210
358
32
164
106
293
148
3
215
252
284
31
366
244
237
268
376
222
282
223
99
189
381
224
60
129
329
278
304
281
119
353
216
227
298
69
201
309
146
77
195
101
28
214
316
193
279
180
355
98
49
103
226
188
213
261
321
241
273
