352
20
292
294
169
210
367
137
52
119
214
123
58
348
83
170
256
379
130
216
316
351
190
27
242
318
224
191
116
255
104
35
205
187
312
365
141
314
325
241
363
239
231
182
136
296
344
246
33
155
247
319
128
338
334
39
189
99
88
380
258
311
117
269
70
313
298
184
91
76
370
326
301
48
172
282
353
157
347
355
217
289
100
24
345
75
44
341
108
162
180
149
330
15
42
366
287
133
306
159
288
23
66
81
65
368
261
106
346
50
332
257
356
93
281
139
320
183
331
63
267
265
145
375
135
283
114
51
358
158
244
293
101
208
181
221
225
204
160
57
56
1
284
253
185
53
167
111
193
340
323
361
337
62
254
232
233
45
364
307
201
168
47
222
40
122
209
197
360
46
171
262
21
333
134
196
373
236
280
278
202
177
9
219
218
272
0
277
154
140
49
377
335
212
17
147
174
178
279
151
43
80
270
213
302
89
148
16
95
74
10
382
72
7
381
264
243
164
223
125
121
28
308
94
30
354
11
200
372
129
237
166
87
194
285
71
38
143
260
105
350
142
371
85
26
234
22
248
118
286
110
138
383
310
245
41
96
2
192
131
120
339
109
304
59
8
146
263
343
29
90
299
84
220
115
67
229
14
161
188
290
324
92
34
113
176
259
179
79
3
235
203
68
362
150
250
82
271
376
249
107
321
211
251
238
4
342
