344
230
56
40
312
313
242
123
266
352
314
135
196
108
98
346
120
100
176
51
10
8
15
33
85
261
161
21
248
127
63
258
252
298
1
18
301
217
324
293
368
103
151
276
289
133
302
4
308
132
250
93
71
164
243
273
41
359
304
215
240
50
219
375
338
14
32
360
144
101
139
88
189
181
267
290
349
270
137
306
218
142
275
155
236
129
291
249
325
231
46
140
160
79
285
174
283
363
125
357
305
187
165
220
38
43
9
269
225
114
356
148
319
204
353
95
208
149
113
193
97
74
180
228
42
233
309
105
374
238
362
260
156
104
122
59
323
332
279
72
66
280
340
223
110
355
333
251
286
65
75
373
282
274
81
162
117
89
207
169
53
337
191
379
147
182
16
29
303
370
17
247
150
327
102
61
173
311
205
80
116
361
239
6
348
213
68
227
224
371
321
334
25
31
354
317
268
35
115
372
288
73
64
222
3
194
209
22
307
366
244
52
153
34
336
159
203
256
112
198
177
229
199
141
322
262
60
168
107
184
166
320
300
263
170
172
195
178
109
299
5
202
351
316
13
138
376
48
2
328
55
47
126
106
264
255
118
131
70
69
19
185
257
241
383
143
201
175
271
330
90
206
378
211
192
292
27
232
99
186
295
343
158
216
86
183
111
197
82
345
315
28
37
67
381
20
154
87
119
146
350
7
44
326
367
296
369
