375
272
90
207
66
96
27
17
77
311
243
25
215
372
210
308
268
380
263
143
70
241
206
271
74
195
107
367
205
233
43
327
213
100
296
161
174
110
23
55
103
80
147
133
222
140
62
114
312
126
160
40
173
5
65
52
170
293
259
136
370
42
365
64
379
162
4
229
16
129
93
179
335
151
378
54
331
221
236
240
172
349
252
317
159
298
238
120
146
112
10
253
336
286
204
88
171
177
60
85
325
254
26
31
219
218
134
198
260
320
366
91
345
318
124
381
371
192
45
101
71
11
188
182
348
166
374
190
226
287
148
13
282
79
72
363
84
338
340
94
269
333
217
176
104
373
354
73
337
0
276
273
24
313
285
7
141
150
116
56
95
158
279
201
277
228
123
283
261
376
127
122
106
78
144
6
139
117
36
303
351
234
67
34
315
256
257
14
105
142
169
50
202
53
232
249
265
167
342
231
224
157
20
178
111
119
156
203
245
359
69
281
132
9
113
118
18
237
350
47
108
128
284
291
211
30
294
289
33
329
314
251
299
357
355
75
83
278
290
49
302
196
165
275
270
319
346
266
39
35
324
262
377
187
214
343
304
305
109
51
81
121
152
341
183
307
184
175
44
145
264
339
32
353
267
46
295
57
130
38
135
358
163
230
244
63
248
59
332
258
3
125
1
98
194
360
309
15
68
185
361
180
12
193
2
297
82
