251
151
219
114
76
307
68
41
244
369
130
227
167
326
81
366
182
359
86
382
346
141
44
202
287
245
123
375
355
314
161
339
124
302
305
191
344
171
77
234
347
47
334
119
29
174
129
27
190
271
253
300
209
364
1
65
126
293
291
362
378
243
62
208
53
75
178
54
218
312
103
88
173
120
91
48
78
149
184
25
49
181
229
331
270
203
7
351
158
373
361
197
231
183
63
374
290
111
108
145
206
353
59
313
122
136
294
33
198
10
241
117
328
258
308
235
358
135
153
332
329
368
104
140
192
296
175
265
238
199
315
356
348
147
254
267
350
310
200
317
4
105
223
100
318
168
109
98
73
67
134
19
221
215
57
5
139
383
17
71
97
84
252
70
60
278
18
9
224
32
15
196
74
101
336
247
207
284
360
12
295
289
248
274
45
80
210
195
95
138
66
327
185
259
148
40
87
110
89
325
143
38
357
52
220
233
276
37
127
142
133
106
216
230
240
330
340
8
237
320
193
90
282
121
380
23
187
35
3
36
250
64
255
50
204
150
306
377
342
343
228
246
28
56
34
0
83
92
166
225
51
194
112
266
159
107
180
20
179
46
211
333
297
16
316
93
2
288
217
21
381
367
6
260
176
94
262
268
22
370
335
372
164
26
365
152
212
321
42
338
99
345
249
132
79
146
352
177
281
69
169
273
102
286
275
39
309
303
