301
131
56
375
363
86
322
18
5
327
28
3
87
240
377
259
127
12
178
129
334
15
286
59
226
313
124
274
107
72
111
181
16
93
10
70
138
354
162
365
92
43
338
244
336
293
210
219
190
220
122
367
36
228
250
227
110
374
217
170
143
380
152
177
125
346
19
166
202
44
213
139
345
11
251
103
273
310
344
60
381
238
150
81
307
353
306
61
364
165
329
229
176
268
128
155
193
370
215
66
23
319
302
38
298
256
84
75
77
163
222
209
171
263
100
40
29
276
280
360
148
272
149
309
361
141
335
198
248
278
91
255
275
97
287
39
269
236
359
206
195
277
369
330
85
168
192
64
185
347
146
297
341
140
78
214
351
290
246
42
332
158
69
373
157
285
216
27
144
145
33
179
9
156
201
167
235
30
121
73
314
189
382
304
196
35
260
99
223
94
105
41
245
252
24
212
199
76
288
113
0
194
318
383
231
234
321
324
350
258
187
106
37
204
71
376
52
348
88
270
2
117
53
65
172
142
326
312
262
63
45
317
242
200
67
233
161
22
104
289
186
174
58
261
311
333
328
79
249
342
14
82
17
55
362
295
7
320
299
154
291
153
46
6
51
316
296
8
300
26
182
303
115
230
197
371
188
47
147
221
379
241
366
31
349
358
264
132
282
305
68
337
224
98
191
137
211
343
257
118
83
267
21
25
160
130
247
164
