19
141
340
26
110
96
237
288
356
310
194
83
319
60
264
191
329
6
123
64
294
57
213
93
180
248
73
13
201
104
107
97
256
55
75
335
118
281
219
85
77
128
0
246
232
65
271
98
50
333
296
326
351
53
21
171
302
138
228
165
196
347
30
316
251
195
155
89
158
20
354
220
323
54
212
159
343
263
189
111
209
147
350
382
297
274
144
126
102
119
215
339
150
12
200
127
62
242
86
378
58
226
299
203
4
132
74
108
371
259
234
182
100
236
313
275
331
51
23
258
5
202
289
304
31
367
303
216
44
225
362
287
95
40
261
17
334
157
330
8
61
120
125
308
250
169
366
214
76
301
2
130
187
318
372
72
188
273
28
99
181
210
383
35
197
380
295
277
156
328
29
22
174
238
327
66
172
49
266
332
153
377
46
122
137
265
190
368
253
284
69
151
79
357
245
14
276
217
346
92
312
345
342
11
131
67
306
255
170
78
186
198
43
143
355
124
133
279
91
168
324
129
325
140
227
341
309
337
184
349
221
82
235
42
56
352
364
311
185
166
1
25
152
39
321
115
241
361
307
183
112
344
249
145
36
205
135
47
278
15
267
136
177
230
134
45
87
7
148
163
176
193
116
269
142
291
376
173
369
207
272
338
262
353
222
24
149
229
317
363
300
336
103
239
292
121
358
283
27
37
101
298
206
208
16
146
84
322
