232
178
30
231
138
346
245
368
271
48
267
118
209
306
47
96
272
318
328
156
22
356
283
273
45
181
264
324
55
108
41
93
208
65
305
24
62
1
235
74
58
345
312
190
46
9
224
44
103
288
69
247
233
131
379
64
243
123
274
292
205
79
279
100
153
29
355
141
253
246
140
188
170
63
366
59
132
204
14
90
107
85
4
290
265
303
199
111
358
347
6
25
13
117
331
213
258
322
227
61
334
257
262
130
176
191
180
376
276
136
39
52
302
275
349
101
323
137
169
78
38
214
86
194
216
225
260
294
34
95
309
187
375
23
270
167
27
17
352
284
57
281
370
266
139
146
164
105
12
5
26
109
320
50
226
361
350
82
259
237
291
203
116
135
311
383
223
269
298
72
80
92
326
321
354
33
53
282
359
248
115
152
172
377
110
163
89
145
37
307
19
157
277
220
329
218
119
212
177
229
8
238
168
255
88
353
143
32
381
360
196
124
198
36
348
112
369
308
343
77
148
286
263
278
144
325
293
189
239
192
330
304
10
173
310
165
122
344
87
133
287
340
49
161
98
11
2
382
94
21
197
134
219
179
56
183
202
371
230
336
256
206
332
104
43
159
73
20
154
280
244
149
362
299
162
378
285
254
222
186
236
128
367
250
7
120
184
171
314
365
158
42
84
333
217
54
15
372
316
151
215
35
40
160
335
155
221
126
