341
9
154
173
153
291
182
80
64
232
150
1
221
32
125
358
306
73
165
243
171
219
190
62
119
141
278
145
201
316
227
326
198
133
357
152
7
297
253
382
37
53
127
28
17
87
143
314
218
95
137
321
84
197
252
356
177
365
349
345
132
377
85
96
264
170
309
315
362
147
99
310
303
323
186
13
307
20
176
31
41
260
112
354
308
289
205
136
280
364
188
50
337
359
212
245
378
298
116
106
56
184
216
340
55
70
325
328
203
265
194
120
294
319
208
254
248
363
244
60
12
57
71
162
174
236
68
331
344
375
380
130
45
242
161
33
139
66
301
8
318
101
379
367
159
271
230
251
261
374
118
187
330
257
249
151
107
14
164
114
348
277
90
131
74
273
92
200
3
223
100
43
44
371
373
54
211
247
89
256
27
144
10
183
129
42
342
48
241
105
134
327
192
86
296
146
215
169
284
343
332
163
274
22
179
166
263
180
334
313
40
336
91
123
281
239
217
69
15
376
220
383
16
283
275
30
167
61
67
39
300
255
115
351
204
339
335
29
224
138
381
102
207
108
228
156
79
0
202
124
372
320
83
113
350
234
135
23
333
338
193
142
324
36
5
21
305
299
81
272
76
77
238
65
94
18
24
172
52
98
366
225
235
258
26
269
210
109
128
368
38
97
121
47
58
286
59
206
246
181
178
233
19
213
311
75
175
199
317
