0	1	0.12	0.105263	0.0350877	0.128205	30.5435	30.4077
1	1	0.18	0.105263	0.0701754	0.128205	26.8886	26.6581
2	1	0.92	0.868421	0.359649	0.846154	25.6899	25.5136
3	1	0.86	0.868421	0.614035	0.871795	25.88	26.0752
4	1	0.92	0.894737	0.877193	0.871795	26.1303	25.9109
5	1	0.9	0.894737	0.885965	0.871795	26.3199	26.2968
6	1	0.84	0.894737	0.894737	0.871795	26.3991	27.031
7	1	0.92	0.894737	0.894737	0.871795	26.3899	26.0421
8	1	0.9	0.894737	0.894737	0.871795	26.3385	26.323
9	1	0.94	0.894737	0.894737	0.871795	26.2536	25.7431
10	1	0.92	0.894737	0.894737	0.871795	26.155	25.8755
11	1	0.84	0.894737	0.894737	0.871795	26.1002	26.7204
12	1	0.88	0.894737	0.894737	0.871795	26.028	26.239
13	1	0.94	0.894737	0.894737	0.871795	25.9536	25.5076
14	1	0.9	0.894737	0.894737	0.871795	25.8494	25.8696
15	1	0.88	0.894737	0.894737	0.871795	25.7586	25.891
16	1	0.86	0.894737	0.894737	0.871795	25.7234	26.0176
17	1	0.9	0.894737	0.894737	0.871795	25.762	25.6891
18	1	0.96	0.894737	0.894737	0.871795	25.7589	25.2726
19	1	0.88	0.894737	0.894737	0.871795	25.7051	25.8615
20	1	0.96	0.894737	0.894737	0.871795	25.6375	25.1713
21	1	0.92	0.894737	0.894737	0.871795	25.5206	25.3825
22	1	0.88	0.894737	0.894737	0.871795	25.4297	25.4189
23	1	0.86	0.894737	0.894737	0.871795	25.3785	25.6087
24	1	0.84	0.894737	0.894737	0.871795	25.3342	25.6035
25	1	0.9	0.894737	0.894737	0.871795	25.2863	25.2773
26	1	0.88	0.894737	0.894737	0.871795	25.2542	25.2909
27	1	0.86	0.894737	0.894737	0.871795	25.2517	25.4325
28	1	0.94	0.894737	0.894737	0.871795	25.1438	24.9187
29	1	0.86	0.894737	0.894737	0.871795	25.1214	25.1268
30	1	0.88	0.894737	0.894737	0.871795	25.103	25.2318
31	1	0.84	0.894737	0.894737	0.871795	25.0101	25.2245
32	1	0.86	0.894737	0.894737	0.871795	24.9285	25.0265
33	1	0.9	0.894737	0.894737	0.871795	24.9149	24.9274
34	1	0.86	0.894737	0.894737	0.871795	24.9073	25.1244
35	1	0.84	0.894737	0.894737	0.871795	24.868	24.8902
36	1	0.92	0.894737	0.894737	0.871795	24.8102	24.8549
37	1	0.88	0.894737	0.894737	0.871795	24.8099	24.8305
38	1	0.92	0.894737	0.894737	0.871795	24.8441	24.697
39	1	0.88	0.894737	0.894737	0.871795	24.7612	24.8064
40	1	0.94	0.894737	0.894737	0.871795	24.6908	24.6909
41	1	0.84	0.894737	0.894737	0.871795	24.698	24.7712
42	1	0.86	0.894737	0.894737	0.871795	24.6957	24.674
43	1	0.92	0.947368	0.912281	0.948718	24.6098	24.6789
44	1	0.94	0.973684	0.938596	0.948718	24.5768	24.6337
45	1	0.98	0.947368	0.95614	0.948718	24.5757	24.5724
46	1	0.96	0.947368	0.95614	0.948718	24.5715	24.579
47	1	0.98	0.973684	0.95614	0.948718	24.5326	24.4909
48	1	0.92	0.947368	0.95614	0.948718	24.5323	24.6743
49	1	0.98	0.947368	0.95614	0.948718	24.5086	24.4556
50	1	1	0.973684	0.95614	0.948718	24.4715	24.3997
51	1	0.96	0.973684	0.964912	0.948718	24.4473	24.4806
52	1	0.98	0.973684	0.973684	0.948718	24.4321	24.4171
53	1	0.94	0.973684	0.973684	0.948718	24.411	24.475
54	1	0.94	0.973684	0.973684	0.948718	24.386	24.4293
55	1	0.9	0.973684	0.973684	0.948718	24.3695	24.5038
56	1	0.94	0.973684	0.973684	0.948718	24.341	24.3649
57	1	0.96	0.973684	0.973684	0.948718	24.3153	24.3275
58	1	0.96	0.973684	0.973684	0.948718	24.296	24.3233
59	1	0.96	0.973684	0.973684	0.948718	24.2918	24.3022
60	1	0.98	0.973684	0.973684	0.948718	24.2628	24.285
61	1	0.94	0.973684	0.973684	0.948718	24.2549	24.2921
62	1	0.98	0.973684	0.973684	0.948718	24.2408	24.2063
63	1	0.94	0.973684	0.973684	0.948718	24.2124	24.2951
64	1	0.98	0.973684	0.973684	0.948718	24.1973	24.1771
65	1	0.98	0.973684	0.973684	0.948718	24.175	24.1825
66	1	0.94	0.973684	0.973684	0.948718	24.1544	24.2089
67	1	0.92	0.973684	0.973684	0.948718	24.146	24.2029
68	1	1	0.973684	0.973684	0.948718	24.1261	24.0936
69	1	0.98	0.973684	0.973684	0.948718	24.0964	24.0983
70	1	0.94	0.973684	0.973684	0.948718	24.0942	24.1263
71	1	0.92	0.973684	0.973684	0.948718	24.0778	24.1267
72	1	0.96	0.973684	0.973684	0.948718	24.0527	24.1156
73	1	0.98	0.973684	0.973684	0.948718	24.035	24.0334
74	1	0.96	0.973684	0.973684	0.948718	24.0116	24.0399
75	1	0.98	0.973684	0.973684	0.948718	23.995	23.9897
76	1	0.94	0.973684	0.973684	0.948718	23.9856	24.0213
77	1	0.98	0.973684	0.973684	0.948718	23.9619	23.9783
78	1	0.98	0.973684	0.973684	0.948718	23.9489	23.9447
79	1	0.94	0.973684	0.973684	0.948718	23.9378	23.9874
80	1	0.96	0.973684	0.973684	0.948718	23.9229	23.9486
81	1	0.98	0.973684	0.973684	0.948718	23.8961	23.9246
82	1	0.98	0.973684	0.973684	0.948718	23.878	23.8885
83	1	1	0.973684	0.973684	0.948718	23.8643	23.8481
84	1	0.96	0.973684	0.973684	0.948718	23.8581	23.8697
85	1	0.98	0.973684	0.973684	0.948718	23.8282	23.8481
86	1	0.98	0.973684	0.973684	0.948718	23.8128	23.8192
87	1	0.98	0.973684	0.973684	0.948718	23.7968	23.8423
88	1	0.94	0.973684	0.973684	0.948718	23.7799	23.8165
89	1	0.98	0.973684	0.973684	0.948718	23.7739	23.7811
90	1	0.98	0.973684	0.973684	0.948718	23.7486	23.751
91	1	1	0.973684	0.973684	0.948718	23.731	23.7373
92	1	1	0.973684	0.973684	0.948718	23.7201	23.7312
93	1	0.98	0.973684	0.973684	0.948718	23.6968	23.7
94	1	1	0.973684	0.973684	0.948718	23.6811	23.6801
95	1	0.98	0.973684	0.973684	0.948718	23.6676	23.7014
96	1	0.98	0.973684	0.973684	0.948718	23.6538	23.6792
97	1	1	1	0.982456	0.974359	23.6301	23.6256
98	1	0.98	1	0.991228	1	23.6112	23.6391
99	1	0.98	1	1	0.974359	23.5987	23.6269
