0	8	0.1	0.0526316	0.0175439	0.157895	26.5307	26.5297
1	8	0.96	0.947368	0.333333	0.894737	25.3824	25.3594
2	8	0.86	0.947368	0.649123	0.894737	25.4956	26.0966
3	8	0.88	0.947368	0.947368	0.894737	25.6065	26.2014
4	8	0.86	0.947368	0.947368	0.894737	25.6438	26.5414
5	8	0.9	0.947368	0.947368	0.894737	25.6344	26.1296
6	8	0.82	0.947368	0.947368	0.894737	25.5923	26.7775
7	8	0.92	0.947368	0.947368	0.894737	25.5338	25.7564
8	8	0.82	0.947368	0.947368	0.894737	25.466	26.5011
9	8	0.92	0.947368	0.947368	0.894737	25.3898	25.5981
10	8	0.94	0.947368	0.947368	0.894737	25.3228	25.3445
11	8	0.88	0.947368	0.947368	0.894737	25.292	25.6312
12	8	0.9	0.947368	0.947368	0.894737	25.256	25.5346
13	8	0.92	0.947368	0.947368	0.894737	25.2205	25.3785
14	8	0.82	0.947368	0.947368	0.894737	25.1825	25.7419
15	8	0.92	0.947368	0.947368	0.894737	25.1635	25.2207
16	8	0.88	0.947368	0.947368	0.894737	25.1414	25.4659
17	8	0.76	0.947368	0.947368	0.894737	25.0973	25.9336
18	8	0.78	0.947368	0.947368	0.894737	25.0546	25.5414
19	8	0.92	0.947368	0.947368	0.894737	25.0199	25.0627
20	8	0.9	0.947368	0.947368	0.894737	25.0134	25.1843
21	8	0.86	0.947368	0.947368	0.894737	25.0081	25.3418
22	8	0.84	0.947368	0.947368	0.894737	24.9853	25.3024
23	8	0.86	0.947368	0.947368	0.894737	24.9348	25.209
24	8	0.86	0.947368	0.947368	0.894737	24.9075	25.0642
25	8	0.78	0.947368	0.947368	0.894737	24.8954	25.2042
26	8	0.9	0.947368	0.947368	0.894737	24.8779	24.9745
27	8	0.88	0.947368	0.947368	0.894737	24.8584	24.9802
28	8	0.82	0.947368	0.947368	0.894737	24.822	25.0883
29	8	0.86	0.947368	0.947368	0.894737	24.7809	24.886
30	8	0.86	0.973684	0.95614	0.973684	24.7594	25.0473
31	8	0.88	0.947368	0.95614	0.973684	24.7526	24.8535
32	8	0.82	0.947368	0.95614	0.973684	24.7427	25.033
33	8	0.86	0.947368	0.95614	0.973684	24.7187	24.7322
34	8	0.92	0.973684	0.95614	0.973684	24.6903	24.9193
35	8	0.96	0.973684	0.964912	0.973684	24.668	24.6952
36	8	0.98	0.973684	0.973684	0.973684	24.65	24.6658
37	8	0.96	0.973684	0.973684	0.973684	24.617	24.6808
38	8	0.92	0.973684	0.973684	0.973684	24.5965	24.6826
39	8	0.96	0.973684	0.973684	0.973684	24.5784	24.6249
40	8	0.98	0.973684	0.973684	0.973684	24.5629	24.5693
41	8	0.96	0.973684	0.973684	0.973684	24.5554	24.6233
42	8	0.98	0.973684	0.973684	0.973684	24.5484	24.5632
43	8	0.96	0.973684	0.973684	0.973684	24.5179	24.5676
44	8	0.94	0.973684	0.973684	0.973684	24.4817	24.5769
45	8	0.96	0.973684	0.973684	0.973684	24.4696	24.5067
46	8	0.94	0.973684	0.973684	0.973684	24.452	24.5046
47	8	0.9	0.973684	0.973684	0.973684	24.4268	24.5224
48	8	0.94	0.973684	0.973684	0.973684	24.4097	24.4799
49	8	0.96	0.973684	0.973684	0.973684	24.3939	24.4344
50	8	0.98	0.973684	0.973684	0.973684	24.3784	24.3621
51	8	0.98	0.973684	0.973684	0.973684	24.3642	24.3617
52	8	0.96	0.973684	0.973684	0.973684	24.3519	24.3994
53	8	0.96	0.973684	0.973684	0.973684	24.3288	24.3561
54	8	0.94	0.973684	0.973684	0.973684	24.311	24.3681
55	8	0.98	0.973684	0.973684	0.973684	24.2953	24.2814
56	8	0.96	0.973684	0.973684	0.973684	24.285	24.2932
57	8	1	0.973684	0.973684	0.973684	24.2697	24.224
58	8	0.98	0.973684	0.973684	0.973684	24.2427	24.2439
59	8	0.98	0.973684	0.973684	0.973684	24.2274	24.2521
60	8	0.96	0.973684	0.973684	0.973684	24.2096	24.2287
61	8	1	0.973684	0.973684	0.973684	24.1886	24.188
62	8	0.98	0.973684	0.973684	0.973684	24.1774	24.1635
63	8	1	0.973684	0.973684	0.973684	24.158	24.1308
64	8	0.94	0.973684	0.973684	0.973684	24.1368	24.1806
65	8	0.98	0.973684	0.973684	0.973684	24.124	24.1479
66	8	0.96	0.973684	0.973684	0.973684	24.1049	24.1071
67	8	1	0.973684	0.973684	0.973684	24.0831	24.0615
68	8	1	1	0.982456	0.973684	24.0659	24.0818
69	8	0.96	0.973684	0.982456	0.973684	24.055	24.0516
70	8	0.96	0.973684	0.982456	0.973684	24.044	24.0583
71	8	1	0.973684	0.982456	0.973684	24.015	24.0135
72	8	1	0.973684	0.982456	0.973684	23.9982	23.9868
73	8	1	0.973684	0.982456	0.973684	23.9871	23.9744
74	8	1	0.973684	0.982456	0.973684	23.9674	23.9717
75	8	1	0.973684	0.982456	0.973684	23.9487	23.9634
76	8	1	0.973684	0.982456	0.973684	23.9322	23.924
77	8	1	0.973684	0.982456	0.973684	23.9228	23.9022
78	8	1	0.973684	0.982456	0.973684	23.9042	23.8739
79	8	1	1	0.982456	0.973684	23.8829	23.8838
80	8	1	1	0.991228	1	23.8669	23.8571
81	8	1	0.973684	0.991228	1	23.8519	23.8511
82	8	1	0.973684	0.991228	1	23.8374	23.8279
83	8	1	0.973684	0.991228	1	23.8189	23.8097
84	8	0.98	0.973684	0.991228	1	23.8009	23.8123
85	8	1	0.973684	0.991228	1	23.7835	23.7646
86	8	0.98	0.973684	0.991228	1	23.7684	23.7692
87	8	0.98	0.973684	0.991228	1	23.7582	23.7473
88	8	1	0.973684	0.991228	1	23.7345	23.7184
89	8	1	1	0.991228	1	23.7176	23.7153
90	8	1	1	0.991228	1	23.7013	23.7049
91	8	1	0.973684	0.991228	1	23.69	23.6785
92	8	1	0.973684	0.991228	1	23.6709	23.658
93	8	1	0.973684	0.991228	1	23.6545	23.6397
94	8	1	0.973684	0.991228	1	23.6387	23.6253
95	8	1	0.973684	0.991228	1	23.6206	23.6058
96	8	1	1	0.991228	1	23.603	23.5918
97	8	1	0.973684	0.991228	1	23.5887	23.5722
98	8	1	0.973684	0.991228	1	23.574	23.5705
99	8	1	1	0.991228	1	23.5545	23.5427
100	8	1	0.973684	0.991228	1	23.541	23.5244
101	8	1	0.973684	0.991228	1	23.5293	23.514
102	8	1	0.973684	0.991228	1	23.509	23.5071
103	8	1	1	0.991228	1	23.4897	23.4776
104	8	1	0.973684	0.991228	1	23.4778	23.4551
105	8	1	0.973684	0.991228	1	23.459	23.4463
106	8	1	1	0.991228	1	23.4398	23.4299
107	8	1	1	0.991228	1	23.423	23.4168
108	8	1	1	1	0.973684	23.4075	23.3954
