0	1	0.36	0.218182	0.0727273	0.263158	30.4262	30.435
1	1	0.36	0.254545	0.157576	0.245614	27.9151	27.8388
2	1	0.66	0.654545	0.375758	0.631579	26.6488	26.3271
3	1	0.52	0.490909	0.466667	0.45614	26.9815	26.6542
4	1	0.5	0.490909	0.545455	0.45614	27.0194	26.5962
5	1	0.62	0.618182	0.545455	0.45614	26.7075	26.8451
6	1	0.64	0.672727	0.593939	0.684211	26.4534	26.2695
7	1	0.72	0.672727	0.654545	0.684211	26.2969	25.8961
8	1	0.82	0.672727	0.672727	0.684211	26.1856	25.7065
9	1	0.68	0.654545	0.672727	0.684211	26.1555	26.2309
10	1	0.7	0.672727	0.672727	0.684211	26.143	25.9289
11	1	0.78	0.8	0.709091	0.789474	25.921	25.7665
12	1	0.78	0.781818	0.751515	0.77193	25.8313	25.7523
13	1	0.74	0.8	0.793939	0.77193	25.8194	25.8547
14	1	0.86	0.781818	0.793939	0.77193	25.7438	25.3939
15	1	0.78	0.781818	0.793939	0.77193	25.6609	25.6549
16	1	0.82	0.781818	0.793939	0.77193	25.6264	25.3268
17	1	0.9	0.781818	0.793939	0.77193	25.6141	25.1574
18	1	0.82	0.781818	0.793939	0.77193	25.5587	25.4309
19	1	0.76	0.781818	0.793939	0.77193	25.5284	25.5396
20	1	0.86	0.781818	0.793939	0.77193	25.462	25.1648
21	1	0.82	0.781818	0.793939	0.77193	25.3808	25.2022
22	1	0.8	0.781818	0.793939	0.77193	25.3735	25.1521
23	1	0.8	0.781818	0.793939	0.77193	25.3202	25.1305
24	1	0.78	0.781818	0.793939	0.77193	25.2814	25.0731
25	1	0.84	0.781818	0.793939	0.77193	25.2678	24.8956
26	1	0.94	0.836364	0.8	0.894737	25.2204	24.8792
27	1	0.92	0.836364	0.818182	0.877193	25.2074	24.8532
28	1	0.8	0.781818	0.818182	0.877193	25.2346	25.0213
29	1	0.92	0.836364	0.818182	0.877193	25.1545	24.7192
30	1	0.9	0.836364	0.818182	0.877193	25.0919	24.7944
31	1	0.94	0.836364	0.836364	0.877193	25.0693	24.7056
32	1	0.86	0.836364	0.836364	0.877193	25.0245	24.8593
33	1	0.9	0.836364	0.836364	0.877193	24.997	24.7426
34	1	0.9	0.836364	0.836364	0.877193	24.9687	24.6411
35	1	1	0.854545	0.842424	0.877193	24.938	24.5148
36	1	0.92	0.854545	0.848485	0.877193	24.9199	24.5975
37	1	0.9	0.836364	0.848485	0.877193	24.9063	24.6318
38	1	0.94	0.836364	0.848485	0.877193	24.8773	24.6272
39	1	0.9	0.872727	0.848485	0.877193	24.8185	24.6372
40	1	0.92	0.854545	0.854545	0.877193	24.8035	24.5308
41	1	0.88	0.854545	0.860606	0.877193	24.7771	24.6148
42	1	0.88	0.854545	0.860606	0.877193	24.7397	24.6812
43	1	0.92	0.854545	0.860606	0.877193	24.7137	24.4822
44	1	0.94	0.854545	0.860606	0.877193	24.685	24.451
45	1	0.9	0.872727	0.860606	0.877193	24.657	24.5274
46	1	0.94	0.872727	0.866667	0.912281	24.6411	24.3682
47	1	0.98	0.854545	0.866667	0.912281	24.6324	24.336
48	1	0.94	0.872727	0.866667	0.912281	24.5836	24.3472
49	1	0.94	0.854545	0.866667	0.912281	24.5683	24.3065
50	1	0.9	0.854545	0.866667	0.912281	24.555	24.3172
51	1	0.9	0.872727	0.866667	0.912281	24.5182	24.301
52	1	0.96	0.872727	0.866667	0.912281	24.4778	24.2213
53	1	0.9	0.890909	0.878788	0.929825	24.4604	24.3243
54	1	0.96	0.890909	0.884848	0.929825	24.4282	24.1969
55	1	0.98	0.872727	0.884848	0.929825	24.391	24.1308
56	1	0.96	0.872727	0.884848	0.929825	24.3792	24.1166
57	1	0.94	0.872727	0.884848	0.929825	24.3552	24.1394
58	1	0.98	0.872727	0.884848	0.929825	24.3178	24.0218
59	1	0.96	0.872727	0.884848	0.929825	24.2901	24.0952
60	1	0.98	0.890909	0.884848	0.929825	24.2762	23.9897
61	1	0.92	0.872727	0.884848	0.929825	24.2592	24.112
62	1	1	0.872727	0.884848	0.929825	24.2178	23.9317
63	1	0.96	0.890909	0.884848	0.929825	24.1913	23.9616
64	1	0.98	0.890909	0.884848	0.929825	24.1755	23.8994
65	1	0.92	0.890909	0.890909	0.929825	24.1574	24.0074
66	1	0.98	0.872727	0.890909	0.929825	24.1265	23.9319
67	1	0.98	0.872727	0.890909	0.929825	24.0969	23.8152
68	1	0.92	0.890909	0.890909	0.929825	24.0837	23.9231
69	1	1	0.872727	0.890909	0.929825	24.0504	23.8141
70	1	0.9	0.872727	0.890909	0.929825	24.0337	23.8916
71	1	0.98	0.909091	0.890909	0.929825	24.0157	23.7977
72	1	0.98	0.890909	0.890909	0.929825	23.9938	23.7588
73	1	1	0.890909	0.89697	0.929825	23.9661	23.6985
74	1	0.92	0.909091	0.89697	0.929825	23.9393	23.79
75	1	1	0.890909	0.89697	0.929825	23.915	23.679
76	1	0.98	0.890909	0.89697	0.929825	23.896	23.6611
77	1	0.96	0.872727	0.89697	0.929825	23.8752	23.6369
78	1	1	0.872727	0.89697	0.929825	23.8525	23.64
79	1	1	0.890909	0.89697	0.929825	23.8324	23.6061
80	1	0.98	0.890909	0.89697	0.929825	23.8107	23.5909
81	1	0.96	0.890909	0.89697	0.929825	23.7874	23.563
82	1	0.96	0.890909	0.89697	0.929825	23.7595	23.552
83	1	0.96	0.890909	0.89697	0.929825	23.7385	23.5138
84	1	0.98	0.890909	0.89697	0.929825	23.7171	23.4748
85	1	1	0.927273	0.90303	0.929825	23.6916	23.5034
86	1	0.98	0.890909	0.90303	0.929825	23.6737	23.4558
87	1	0.98	0.890909	0.90303	0.929825	23.6521	23.4342
88	1	1	0.909091	0.90303	0.929825	23.6347	23.4026
89	1	0.98	0.909091	0.90303	0.947368	23.6134	23.3662
90	1	1	0.909091	0.909091	0.947368	23.5905	23.3581
91	1	0.96	0.890909	0.909091	0.947368	23.5657	23.3594
92	1	0.98	0.909091	0.909091	0.947368	23.5372	23.3584
93	1	0.96	0.909091	0.909091	0.947368	23.5173	23.3669
94	1	0.96	0.927273	0.915152	0.947368	23.4931	23.3585
95	1	1	0.909091	0.915152	0.947368	23.468	23.2689
96	1	1	0.909091	0.915152	0.947368	23.4463	23.2064
97	1	0.98	0.927273	0.915152	0.947368	23.4265	23.2232
98	1	1	0.927273	0.921212	0.947368	23.4067	23.1966
99	1	0.98	0.909091	0.921212	0.947368	23.3838	23.2391
100	1	0.98	0.890909	0.921212	0.947368	23.3621	23.1405
101	1	1	0.927273	0.921212	0.947368	23.338	23.1214
102	1	0.98	0.945455	0.921212	0.947368	23.3181	23.1203
103	1	0.98	0.927273	0.933333	0.947368	23.3014	23.1139
104	1	0.96	0.909091	0.933333	0.947368	23.2784	23.1269
105	1	1	0.927273	0.933333	0.947368	23.2565	23.11
106	1	0.98	0.927273	0.933333	0.947368	23.2304	23.039
107	1	0.98	0.927273	0.933333	0.947368	23.2028	23.038
108	1	1	0.927273	0.933333	0.947368	23.1839	22.9862
109	1	1	0.963636	0.939394	0.982456	23.1621	22.9904
110	1	1	0.945455	0.945455	0.964912	23.1395	22.9641
111	1	1	0.963636	0.957576	0.982456	23.1145	22.8869
112	1	1	0.963636	0.957576	0.982456	23.0987	22.8988
113	1	1	0.963636	0.963636	0.982456	23.0821	22.8645
114	1	1	0.927273	0.963636	0.982456	23.0662	22.855
115	1	0.98	0.927273	0.963636	0.982456	23.0383	22.8446
116	1	1	0.945455	0.963636	0.982456	23.0139	22.8733
117	1	1	0.963636	0.963636	0.982456	22.9981	22.7907
118	1	1	0.963636	0.963636	0.982456	22.9782	22.7551
119	1	1	0.963636	0.963636	0.982456	22.9521	22.755
120	1	1	0.963636	0.963636	0.982456	22.9276	22.7357
121	1	1	0.963636	0.963636	0.982456	22.9087	22.7057
122	1	1	0.963636	0.963636	0.982456	22.8912	22.6946
123	1	1	0.945455	0.963636	0.982456	22.87	22.6861
124	1	0.98	0.963636	0.963636	0.982456	22.8532	22.6809
125	1	1	0.963636	0.963636	0.982456	22.8289	22.6262
126	1	1	0.945455	0.963636	0.982456	22.8067	22.6002
127	1	1	0.963636	0.963636	0.982456	22.786	22.6145
128	1	0.98	0.963636	0.963636	0.982456	22.7724	22.6148
129	1	1	0.927273	0.963636	0.982456	22.7498	22.5433
130	1	1	0.945455	0.963636	0.982456	22.7267	22.5367
131	1	1	0.963636	0.963636	0.982456	22.7021	22.516
132	1	1	0.963636	0.963636	0.982456	22.6833	22.4861
133	1	1	0.963636	0.963636	0.982456	22.6655	22.4491
134	1	1	0.945455	0.963636	0.982456	22.6472	22.434
135	1	1	0.963636	0.963636	0.982456	22.6278	22.4163
136	1	0.98	0.963636	0.963636	0.982456	22.61	22.4644
137	1	1	0.963636	0.963636	0.982456	22.5883	22.3848
138	1	1	0.963636	0.963636	0.982456	22.5651	22.3693
139	1	1	0.963636	0.963636	0.982456	22.5528	22.3682
140	1	1	0.963636	0.963636	0.982456	22.5314	22.3383
141	1	1	0.963636	0.963636	0.982456	22.5126	22.295
142	1	1	0.963636	0.963636	0.982456	22.4914	22.2913
143	1	1	0.963636	0.963636	0.982456	22.473	22.2847
144	1	1	0.963636	0.963636	0.982456	22.4589	22.3054
145	1	1	0.963636	0.963636	0.982456	22.4315	22.2501
146	1	1	0.963636	0.963636	0.982456	22.4063	22.2244
147	1	1	0.963636	0.963636	0.982456	22.3892	22.1991
148	1	1	0.963636	0.963636	0.982456	22.3717	22.166
149	1	1	0.963636	0.963636	0.982456	22.3466	22.1758
150	1	0.98	0.963636	0.963636	0.982456	22.326	22.1673
151	1	1	0.963636	0.963636	0.982456	22.3046	22.1256
152	1	1	0.963636	0.963636	0.982456	22.286	22.0768
153	1	1	0.963636	0.963636	0.982456	22.267	22.0693
154	1	0.98	0.963636	0.963636	0.982456	22.2426	22.0702
155	1	1	0.963636	0.963636	0.982456	22.2213	22.0448
156	1	1	0.963636	0.963636	0.982456	22.2006	22.0062
157	1	1	0.963636	0.963636	0.982456	22.1845	21.9913
158	1	1	0.963636	0.963636	0.982456	22.1664	21.9644
159	1	1	0.963636	0.963636	0.982456	22.1434	21.9787
160	1	1	0.963636	0.963636	0.982456	22.1245	21.9422
161	1	1	0.963636	0.963636	0.982456	22.1054	21.9329
162	1	1	0.963636	0.963636	0.982456	22.0895	21.9064
163	1	1	0.963636	0.963636	0.982456	22.0709	21.8981
164	1	1	0.963636	0.963636	0.982456	22.047	21.8551
165	1	1	0.963636	0.963636	0.982456	22.0367	21.8418
166	1	1	0.963636	0.963636	0.982456	22.0089	21.836
167	1	1	0.963636	0.963636	0.982456	21.9881	21.808
168	1	1	0.963636	0.963636	0.982456	21.9739	21.7884
169	1	1	0.963636	0.963636	0.982456	21.9546	21.7635
170	1	1	0.963636	0.963636	0.982456	21.9288	21.7599
171	1	1	0.963636	0.963636	0.982456	21.9112	21.7253
172	1	1	0.963636	0.963636	0.982456	21.9055	21.7419
173	1	1	0.963636	0.963636	0.982456	21.8768	21.6881
174	1	1	0.963636	0.963636	0.982456	21.8543	21.6602
175	1	1	0.963636	0.963636	0.982456	21.8348	21.6484
176	1	0.98	0.963636	0.963636	0.982456	21.8186	21.6605
177	1	0.98	0.963636	0.963636	0.982456	21.7962	21.6406
178	1	1	0.963636	0.963636	0.982456	21.7715	21.618
179	1	1	0.963636	0.963636	0.982456	21.7536	21.5683
180	1	1	0.963636	0.963636	0.982456	21.7439	21.5735
181	1	1	0.963636	0.963636	0.982456	21.7327	21.5389
182	1	1	0.963636	0.963636	0.982456	21.7067	21.5238
183	1	1	0.963636	0.963636	0.982456	21.6845	21.5108
184	1	1	0.963636	0.963636	0.982456	21.6691	21.4865
185	1	1	0.963636	0.963636	0.982456	21.6495	21.4711
186	1	1	0.963636	0.963636	0.982456	21.6285	21.4536
187	1	0.98	0.963636	0.963636	0.982456	21.6115	21.4527
188	1	1	0.963636	0.963636	0.982456	21.5911	21.4191
189	1	1	0.963636	0.963636	0.982456	21.5691	21.3854
190	1	1	0.963636	0.963636	0.982456	21.5532	21.3797
191	1	1	0.963636	0.963636	0.982456	21.5383	21.3572
192	1	1	0.963636	0.963636	0.982456	21.5185	21.3466
193	1	1	0.963636	0.963636	0.982456	21.4965	21.3358
194	1	1	0.963636	0.963636	0.982456	21.4789	21.3062
195	1	1	0.963636	0.963636	0.982456	21.4646	21.2829
196	1	1	0.963636	0.963636	0.982456	21.4509	21.2917
197	1	1	0.963636	0.963636	0.982456	21.4297	21.2512
198	1	1	0.963636	0.963636	0.982456	21.4002	21.235
199	1	1	0.963636	0.963636	0.982456	21.383	21.2058
200	1	1	0.963636	0.963636	0.982456	21.3675	21.1978
201	1	1	0.963636	0.963636	0.982456	21.3518	21.1845
202	1	1	0.963636	0.963636	0.982456	21.3328	21.1532
203	1	1	0.963636	0.963636	0.982456	21.3115	21.1344
204	1	1	0.963636	0.963636	0.982456	21.2953	21.1313
205	1	1	0.963636	0.963636	0.982456	21.2745	21.113
206	1	1	0.963636	0.963636	0.982456	21.257	21.083
207	1	1	0.963636	0.963636	0.982456	21.2385	21.0704
208	1	1	0.963636	0.963636	0.982456	21.2194	21.0482
209	1	1	0.963636	0.963636	0.982456	21.2058	21.0242
210	1	1	0.963636	0.963636	0.982456	21.1845	21.0159
211	1	1	0.963636	0.963636	0.982456	21.1636	20.9941
212	1	1	0.963636	0.963636	0.982456	21.1476	20.9897
213	1	1	0.963636	0.963636	0.982456	21.1305	20.9616
214	1	1	0.963636	0.963636	0.982456	21.1121	20.9504
215	1	1	0.963636	0.963636	0.982456	21.0937	20.9245
216	1	1	0.963636	0.963636	0.982456	21.0779	20.9228
217	1	1	0.963636	0.963636	0.982456	21.0604	20.8828
218	1	1	0.963636	0.963636	0.982456	21.044	20.8627
219	1	1	0.963636	0.963636	0.982456	21.0212	20.8474
220	1	1	0.963636	0.963636	0.982456	21.0042	20.8358
221	1	1	0.963636	0.963636	0.982456	20.9883	20.8139
222	1	1	0.963636	0.963636	0.982456	20.9658	20.7975
223	1	1	0.963636	0.963636	0.982456	20.9474	20.7818
224	1	1	0.963636	0.963636	0.982456	20.9318	20.7844
225	1	1	0.963636	0.963636	0.982456	20.9155	20.7465
226	1	1	0.963636	0.963636	0.982456	20.8971	20.7342
227	1	1	0.963636	0.963636	0.982456	20.881	20.7044
228	1	1	0.963636	0.963636	0.982456	20.865	20.6848
229	1	1	0.963636	0.963636	0.982456	20.8506	20.6659
230	1	1	0.963636	0.963636	0.982456	20.827	20.6499
231	1	1	0.963636	0.963636	0.982456	20.8077	20.6347
232	1	1	0.963636	0.963636	0.982456	20.7945	20.6201
233	1	1	0.963636	0.963636	0.982456	20.7775	20.6045
234	1	1	0.963636	0.963636	0.982456	20.7606	20.5841
235	1	1	0.963636	0.963636	0.982456	20.7427	20.5621
236	1	1	0.963636	0.963636	0.982456	20.7215	20.5519
237	1	1	0.981818	0.969697	0.982456	20.7074	20.5441
238	1	1	0.963636	0.969697	0.982456	20.69	20.5164
239	1	1	0.963636	0.969697	0.982456	20.6705	20.5028
240	1	1	0.963636	0.969697	0.982456	20.646	20.4775
241	1	1	0.963636	0.969697	0.982456	20.6287	20.4597
242	1	1	0.963636	0.969697	0.982456	20.6156	20.458
243	1	1	0.963636	0.969697	0.982456	20.602	20.427
244	1	1	0.963636	0.969697	0.982456	20.5831	20.412
245	1	1	0.963636	0.969697	0.982456	20.5592	20.3938
246	1	1	0.963636	0.969697	0.982456	20.5401	20.3745
247	1	1	0.963636	0.969697	0.982456	20.5259	20.3662
248	1	1	0.981818	0.969697	0.982456	20.512	20.3356
249	1	1	0.981818	0.975758	0.982456	20.4924	20.3221
250	1	1	0.981818	0.981818	0.982456	20.4715	20.3177
251	1	1	0.963636	0.981818	0.982456	20.4541	20.2857
252	1	1	0.963636	0.981818	0.982456	20.4416	20.269
253	1	1	0.963636	0.981818	0.982456	20.4306	20.2579
254	1	1	0.963636	0.981818	0.982456	20.4147	20.2374
255	1	1	0.981818	0.981818	0.982456	20.3855	20.2231
256	1	1	0.963636	0.981818	0.982456	20.3639	20.2121
257	1	1	0.963636	0.981818	0.982456	20.3489	20.1805
258	1	1	0.963636	0.981818	0.982456	20.3354	20.1681
259	1	1	0.981818	0.981818	0.982456	20.3214	20.1659
260	1	1	0.963636	0.981818	0.982456	20.302	20.135
261	1	1	0.963636	0.981818	0.982456	20.286	20.1176
262	1	1	0.963636	0.981818	0.982456	20.2646	20.0984
263	1	1	0.981818	0.981818	0.982456	20.2498	20.0918
264	1	1	0.981818	0.981818	0.982456	20.2308	20.0707
265	1	1	0.963636	0.981818	0.982456	20.2102	20.0512
266	1	1	0.963636	0.981818	0.982456	20.1968	20.029
267	1	1	0.963636	0.981818	0.982456	20.1842	20.0195
268	1	1	0.981818	0.981818	0.982456	20.1674	19.9989
269	1	1	0.981818	0.981818	0.982456	20.1458	19.9823
270	1	1	0.963636	0.981818	0.982456	20.1272	19.9652
271	1	1	0.981818	0.981818	0.982456	20.1105	19.9475
272	1	1	0.981818	0.981818	0.982456	20.0958	19.9339
273	1	1	0.981818	0.981818	0.982456	20.075	19.9152
274	1	1	0.981818	0.981818	0.982456	20.0557	19.8985
275	1	1	0.981818	0.981818	0.982456	20.0406	19.88
276	1	1	0.963636	0.981818	0.982456	20.025	19.8723
277	1	1	0.981818	0.981818	0.982456	20.0041	19.8499
278	1	1	0.963636	0.981818	0.982456	19.9894	19.8274
279	1	1	0.981818	0.981818	0.982456	19.9758	19.8125
280	1	1	0.981818	0.981818	0.982456	19.9607	19.8019
281	1	1	0.981818	0.981818	0.982456	19.9405	19.7817
282	1	1	0.981818	0.981818	0.982456	19.9193	19.7595
283	1	1	0.963636	0.981818	0.982456	19.9024	19.7428
284	1	1	0.981818	0.981818	0.982456	19.8896	19.7288
285	1	1	0.981818	0.981818	0.982456	19.8724	19.7127
286	1	1	0.981818	0.981818	0.982456	19.8528	19.6971
287	1	1	0.981818	0.981818	0.982456	19.8356	19.6757
288	1	1	0.981818	0.981818	0.982456	19.8236	19.6617
289	1	1	0.981818	0.981818	0.982456	19.8039	19.6477
290	1	1	0.963636	0.981818	0.982456	19.7863	19.6351
291	1	1	0.963636	0.981818	0.982456	19.7675	19.611
292	1	1	0.981818	0.981818	0.982456	19.7566	19.5974
293	1	1	0.981818	0.981818	0.982456	19.7434	19.5762
294	1	1	0.963636	0.981818	0.982456	19.7232	19.563
295	1	1	0.981818	0.981818	0.982456	19.7073	19.5531
296	1	1	0.963636	0.981818	0.982456	19.6905	19.5297
297	1	1	0.963636	0.981818	0.982456	19.6727	19.5132
298	1	1	0.963636	0.981818	0.982456	19.6553	19.5041
299	1	1	0.981818	0.981818	0.982456	19.6426	19.4798
300	1	1	0.981818	0.981818	0.982456	19.628	19.4634
301	1	1	0.981818	0.981818	0.982456	19.6108	19.4447
302	1	1	0.981818	0.981818	0.982456	19.5961	19.4424
303	1	1	0.981818	0.981818	0.982456	19.5798	19.4121
304	1	1	0.981818	0.981818	0.982456	19.554	19.3992
305	1	1	0.963636	0.981818	0.982456	19.5323	19.3786
306	1	1	0.963636	0.981818	0.982456	19.5155	19.3764
307	1	1	0.981818	0.981818	0.982456	19.5095	19.3554
308	1	1	0.981818	0.981818	0.982456	19.4922	19.3395
309	1	1	0.981818	0.981818	0.982456	19.4733	19.316
310	1	1	0.981818	0.981818	0.982456	19.4543	19.2981
311	1	1	0.981818	0.981818	0.982456	19.4426	19.2837
312	1	1	0.981818	0.981818	0.982456	19.4341	19.2679
313	1	1	0.981818	0.981818	0.982456	19.4146	19.2553
314	1	1	0.981818	0.981818	0.982456	19.3914	19.2437
315	1	1	0.963636	0.981818	0.982456	19.3757	19.2204
316	1	1	0.963636	0.981818	0.982456	19.3646	19.2018
317	1	1	0.963636	0.981818	0.982456	19.3494	19.185
318	1	1	0.981818	0.981818	0.982456	19.3312	19.1713
319	1	1	0.963636	0.981818	0.982456	19.3098	19.1578
320	1	1	0.963636	0.981818	0.982456	19.2957	19.1348
321	1	1	0.963636	0.981818	0.982456	19.2828	19.1238
322	1	1	0.963636	0.981818	0.982456	19.2687	19.1055
323	1	1	0.963636	0.981818	0.982456	19.2516	19.0872
324	1	1	0.963636	0.981818	0.982456	19.2311	19.0718
325	1	1	0.981818	0.981818	0.982456	19.2169	19.0588
326	1	1	0.981818	0.981818	0.982456	19.2041	19.0395
327	1	1	0.963636	0.981818	0.982456	19.1881	19.0216
328	1	1	0.963636	0.981818	0.982456	19.1645	19.0079
329	1	1	0.963636	0.981818	0.982456	19.1527	18.9898
330	1	1	0.981818	0.981818	0.982456	19.138	18.9763
331	1	1	0.981818	0.981818	0.982456	19.1223	18.956
332	1	1	0.963636	0.981818	0.982456	19.105	18.9447
333	1	1	0.981818	0.981818	0.982456	19.086	18.9289
334	1	1	0.981818	0.981818	0.982456	19.0691	18.913
335	1	1	0.963636	0.981818	0.982456	19.0516	18.8947
336	1	1	0.981818	0.981818	0.982456	19.0359	18.8806
337	1	1	0.981818	0.981818	0.982456	19.0196	18.8626
338	1	1	0.981818	0.981818	0.982456	19.0016	18.8481
339	1	1	0.981818	0.981818	0.982456	18.9915	18.833
340	1	1	0.981818	0.981818	0.982456	18.9746	18.8159
341	1	1	0.963636	0.981818	0.982456	18.9537	18.8007
342	1	1	0.981818	0.981818	0.982456	18.9415	18.7813
343	1	1	0.981818	0.981818	0.982456	18.9335	18.7749
344	1	1	0.963636	0.981818	0.982456	18.9131	18.7539
345	1	1	0.963636	0.981818	0.982456	18.8915	18.7422
346	1	1	0.963636	0.981818	0.982456	18.8731	18.7189
347	1	1	0.963636	0.981818	0.982456	18.86	18.708
348	1	1	0.981818	0.981818	0.982456	18.8439	18.6878
349	1	1	0.981818	0.981818	0.982456	18.8299	18.6704
350	1	1	0.981818	0.981818	0.982456	18.8149	18.6607
351	1	1	0.981818	0.981818	0.982456	18.8012	18.6422
352	1	1	0.981818	0.981818	0.982456	18.7871	18.6237
353	1	1	0.963636	0.981818	0.982456	18.7835	18.6088
354	1	1	0.963636	0.981818	0.982456	18.7608	18.5957
355	1	1	0.981818	0.981818	0.982456	18.7363	18.5787
356	1	1	0.981818	0.981818	0.982456	18.7208	18.5617
357	1	1	0.981818	0.981818	0.982456	18.7061	18.5483
358	1	1	0.963636	0.981818	0.982456	18.6965	18.5321
359	1	1	0.963636	0.981818	0.982456	18.6777	18.5165
360	1	1	0.981818	0.981818	0.982456	18.6585	18.5012
361	1	1	0.981818	0.981818	0.982456	18.6408	18.4846
362	1	1	0.981818	0.981818	0.982456	18.626	18.4671
363	1	1	0.981818	0.981818	0.982456	18.6101	18.4515
364	1	1	0.981818	0.981818	0.982456	18.5983	18.4387
365	1	1	0.963636	0.981818	0.982456	18.5865	18.4223
366	1	1	0.981818	0.981818	0.982456	18.5707	18.4071
367	1	1	0.981818	0.981818	0.982456	18.5516	18.3918
368	1	1	0.981818	0.981818	0.982456	18.5313	18.3809
369	1	1	0.963636	0.981818	0.982456	18.5202	18.3596
370	1	1	0.963636	0.981818	0.982456	18.5085	18.3509
371	1	1	0.981818	0.981818	0.982456	18.4928	18.3307
372	1	1	0.981818	0.981818	0.982456	18.4742	18.3133
373	1	1	0.981818	0.981818	0.982456	18.4646	18.2999
374	1	1	0.963636	0.981818	0.982456	18.451	18.2858
375	1	1	0.963636	0.981818	0.982456	18.4311	18.269
376	1	1	0.981818	0.981818	0.982456	18.4098	18.2548
377	1	1	0.981818	0.981818	0.982456	18.3914	18.241
378	1	1	0.981818	0.981818	0.982456	18.3809	18.2203
379	1	1	0.981818	0.981818	0.982456	18.3711	18.2066
380	1	1	0.963636	0.981818	0.982456	18.35	18.1912
381	1	1	0.963636	0.981818	0.982456	18.3278	18.1743
382	1	1	0.981818	0.981818	0.982456	18.317	18.1582
383	1	1	0.981818	0.981818	0.982456	18.3027	18.1471
384	1	1	0.963636	0.981818	0.982456	18.2904	18.1271
385	1	1	0.963636	0.981818	0.982456	18.2795	18.1115
386	1	1	0.963636	0.981818	0.982456	18.2633	18.1011
387	1	1	0.981818	0.981818	0.982456	18.2436	18.0826
388	1	1	0.981818	0.981818	0.982456	18.2258	18.0666
389	1	1	0.981818	0.981818	0.982456	18.2124	18.0516
390	1	1	0.981818	0.981818	0.982456	18.1935	18.0375
391	1	1	0.981818	0.981818	0.982456	18.1695	18.023
392	1	1	0.981818	0.981818	0.982456	18.1601	18.0059
393	1	1	0.981818	0.981818	0.982456	18.1463	17.9911
394	1	1	0.981818	0.981818	0.982456	18.1303	17.976
395	1	1	0.981818	0.981818	0.982456	18.1128	17.9607
396	1	1	0.981818	0.981818	0.982456	18.0978	17.945
397	1	1	0.963636	0.981818	0.982456	18.0898	17.9322
398	1	1	0.963636	0.981818	0.982456	18.0767	17.915
399	1	1	0.963636	0.981818	0.982456	18.0538	17.9056
400	1	1	0.981818	0.981818	0.982456	18.0386	17.8826
401	1	1	0.981818	0.981818	0.982456	18.0245	17.8711
402	1	1	0.981818	0.981818	0.982456	18.0095	17.8556
403	1	1	0.981818	0.981818	0.982456	17.9963	17.8431
404	1	1	0.963636	0.981818	0.982456	17.981	17.8274
405	1	1	0.963636	0.981818	0.982456	17.9692	17.8091
406	1	1	0.963636	0.981818	0.982456	17.9526	17.7937
407	1	1	0.981818	0.981818	0.982456	17.9321	17.7814
408	1	1	0.981818	0.981818	0.982456	17.9145	17.7648
409	1	1	0.981818	0.981818	0.982456	17.9078	17.7483
410	1	1	0.981818	0.981818	0.982456	17.8894	17.7343
411	1	1	0.981818	0.981818	0.982456	17.8744	17.7193
412	1	1	0.963636	0.981818	0.982456	17.8581	17.7039
413	1	1	0.963636	0.981818	0.982456	17.8476	17.6909
414	1	1	0.981818	0.981818	0.982456	17.8288	17.6737
415	1	1	0.981818	0.981818	0.982456	17.8141	17.6603
416	1	1	0.981818	0.981818	0.982456	17.7984	17.6448
417	1	1	0.981818	0.981818	0.982456	17.7864	17.6291
418	1	1	0.981818	0.981818	0.982456	17.7696	17.6146
419	1	1	0.981818	0.981818	0.982456	17.7573	17.6
420	1	1	0.981818	0.981818	0.982456	17.7409	17.583
421	1	1	0.981818	0.981818	0.982456	17.7293	17.5692
422	1	1	0.981818	0.981818	0.982456	17.7144	17.5541
423	1	1	0.981818	0.981818	0.982456	17.6985	17.5383
424	1	1	0.981818	0.981818	0.982456	17.685	17.5274
425	1	1	0.981818	0.981818	0.982456	17.6666	17.5157
426	1	1	0.963636	0.981818	0.982456	17.6504	17.495
427	1	1	0.981818	0.981818	0.982456	17.6325	17.4811
428	1	1	0.981818	0.981818	0.982456	17.6261	17.4692
429	1	1	0.981818	0.981818	0.982456	17.6073	17.4529
430	1	1	0.981818	0.981818	0.982456	17.5901	17.4365
431	1	1	0.981818	0.981818	0.982456	17.5792	17.4212
432	1	1	0.981818	0.981818	0.982456	17.5648	17.4083
433	1	1	0.963636	0.981818	0.982456	17.5517	17.3906
434	1	1	0.963636	0.981818	0.982456	17.5359	17.3765
435	1	1	0.981818	0.981818	0.982456	17.5179	17.3634
436	1	1	0.981818	0.981818	0.982456	17.5038	17.3466
437	1	1	0.981818	0.981818	0.982456	17.4859	17.334
438	1	1	0.981818	0.981818	0.982456	17.4724	17.3171
439	1	1	0.963636	0.981818	0.982456	17.4643	17.3023
440	1	1	0.981818	0.981818	0.982456	17.4519	17.2889
441	1	1	0.981818	0.981818	0.982456	17.4358	17.2742
442	1	1	0.981818	0.981818	0.982456	17.4146	17.2596
443	1	1	0.981818	0.981818	0.982456	17.3959	17.2457
444	1	1	0.981818	0.981818	0.982456	17.385	17.2305
445	1	1	0.981818	0.981818	0.982456	17.3741	17.2153
446	1	1	0.963636	0.981818	0.982456	17.3594	17.2013
447	1	1	0.981818	0.981818	0.982456	17.3436	17.1864
448	1	1	0.981818	0.981818	0.982456	17.3313	17.1716
449	1	1	0.981818	0.981818	0.982456	17.3121	17.1576
450	1	1	0.981818	0.981818	0.982456	17.299	17.1428
451	1	1	0.981818	0.981818	0.982456	17.2865	17.1293
452	1	1	0.981818	0.981818	0.982456	17.2829	17.117
453	1	1	0.981818	0.981818	0.982456	17.2669	17.0988
454	1	1	0.981818	0.981818	0.982456	17.2438	17.0836
455	1	1	0.981818	0.981818	0.982456	17.2174	17.0703
456	1	1	0.981818	0.981818	0.982456	17.2074	17.0549
457	1	1	0.981818	0.981818	0.982456	17.1953	17.042
458	1	1	0.963636	0.981818	0.982456	17.1808	17.0259
459	1	1	0.963636	0.981818	0.982456	17.165	17.0119
460	1	1	0.981818	0.981818	0.982456	17.1557	16.9992
461	1	1	0.981818	0.981818	0.982456	17.1505	16.9832
462	1	1	0.981818	0.981818	0.982456	17.1362	16.9688
463	1	1	0.981818	0.981818	0.982456	17.1213	16.9544
464	1	1	0.981818	0.981818	0.982456	17.1042	16.9394
465	1	1	0.981818	0.981818	0.982456	17.089	16.9247
466	1	1	0.981818	0.981818	0.982456	17.0772	16.9107
467	1	1	0.981818	0.981818	0.982456	17.0608	16.8973
468	1	1	0.981818	0.981818	0.982456	17.0415	16.8821
469	1	1	0.981818	0.981818	0.982456	17.0275	16.8678
470	1	1	0.981818	0.981818	0.982456	17.0168	16.8531
471	1	1	0.981818	0.981818	0.982456	17.0062	16.8392
472	1	1	0.981818	0.981818	0.982456	16.9871	16.8248
473	1	1	0.981818	0.981818	0.982456	16.9671	16.8133
474	1	1	0.981818	0.981818	0.982456	16.9501	16.7966
475	1	1	0.981818	0.981818	0.982456	16.9335	16.7818
476	1	1	0.981818	0.981818	0.982456	16.923	16.7671
477	1	1	0.981818	0.981818	0.982456	16.9111	16.7527
478	1	1	0.981818	0.981818	0.982456	16.8894	16.7398
479	1	1	0.981818	0.981818	0.982456	16.8729	16.726
480	1	1	0.981818	0.981818	0.982456	16.8631	16.7106
481	1	1	0.981818	0.981818	0.982456	16.846	16.6959
482	1	1	0.981818	0.981818	0.982456	16.8316	16.6823
483	1	1	0.981818	0.981818	0.982456	16.8233	16.6682
484	1	1	0.981818	0.981818	0.982456	16.8073	16.6535
485	1	1	0.981818	0.981818	0.982456	16.7868	16.6391
486	1	1	0.981818	0.981818	0.982456	16.7691	16.6245
487	1	1	0.981818	0.981818	0.982456	16.7626	16.6115
488	1	1	0.981818	0.981818	0.982456	16.7543	16.5964
489	1	1	0.981818	0.981818	0.982456	16.7367	16.5822
490	1	1	0.981818	0.981818	0.982456	16.7148	16.5697
491	1	1	0.981818	0.981818	0.982456	16.7026	16.5541
492	1	1	0.981818	0.981818	0.982456	16.6924	16.5405
493	1	1	0.981818	0.981818	0.982456	16.6838	16.526
494	1	1	0.981818	0.981818	0.982456	16.6651	16.5115
495	1	1	0.981818	0.981818	0.982456	16.6476	16.4974
496	1	1	0.981818	0.981818	0.982456	16.6377	16.4844
497	1	1	0.981818	0.981818	0.982456	16.6271	16.4692
498	1	1	0.981818	0.981818	0.982456	16.6101	16.4557
499	1	1	0.981818	0.981818	0.982456	16.5914	16.4433
500	1	1	0.981818	0.981818	0.982456	16.5803	16.4282
501	1	1	0.981818	0.981818	0.982456	16.5698	16.4129
502	1	1	0.981818	0.981818	0.982456	16.559	16.3989
503	1	1	0.981818	0.981818	0.982456	16.5436	16.3848
504	1	1	0.981818	0.981818	0.982456	16.5287	16.3707
505	1	1	0.981818	0.981818	0.982456	16.5091	16.3566
506	1	1	0.981818	0.981818	0.982456	16.4982	16.3438
507	1	1	0.981818	0.981818	0.982456	16.4856	16.3289
508	1	1	0.981818	0.981818	0.982456	16.4735	16.3144
509	1	1	0.981818	0.981818	0.982456	16.4557	16.3005
510	1	1	0.981818	0.981818	0.982456	16.4375	16.286
511	1	1	0.981818	0.981818	0.982456	16.4245	16.2729
512	1	1	0.981818	0.981818	0.982456	16.4122	16.2587
513	1	1	0.981818	0.981818	0.982456	16.3966	16.2444
514	1	1	0.981818	0.981818	0.982456	16.3867	16.2317
515	1	1	0.981818	0.981818	0.982456	16.3734	16.2171
516	1	1	0.981818	0.981818	0.982456	16.353	16.2026
517	1	1	0.981818	0.981818	0.982456	16.3359	16.1884
518	1	1	0.981818	0.981818	0.982456	16.3255	16.175
519	1	1	0.981818	0.981818	0.982456	16.3246	16.1608
520	1	1	0.981818	0.981818	0.982456	16.312	16.1472
521	1	1	0.981818	0.981818	0.982456	16.2966	16.1347
522	1	1	0.981818	0.981818	0.982456	16.284	16.1193
523	1	1	0.981818	0.981818	0.982456	16.2718	16.1063
524	1	1	0.981818	0.981818	0.982456	16.2577	16.0915
525	1	1	0.981818	0.981818	0.982456	16.2381	16.0779
526	1	1	0.981818	0.981818	0.982456	16.2182	16.0648
527	1	1	0.981818	0.981818	0.982456	16.2049	16.0505
528	1	1	0.981818	0.981818	0.982456	16.1926	16.0374
529	1	1	0.981818	0.981818	0.982456	16.1786	16.0226
530	1	1	0.981818	0.981818	0.982456	16.1642	16.0098
531	1	1	0.981818	0.981818	0.982456	16.1494	15.996
532	1	1	0.981818	0.981818	0.982456	16.1363	15.983
533	1	1	0.981818	0.981818	0.982456	16.1309	15.9677
534	1	1	0.981818	0.981818	0.982456	16.124	15.9548
535	1	1	0.981818	0.981818	0.982456	16.1007	15.9399
536	1	1	0.981818	0.981818	0.982456	16.0772	15.9274
537	1	1	0.981818	0.981818	0.982456	16.0635	15.9127
538	1	1	0.981818	0.981818	0.982456	16.0562	15.8994
539	1	1	0.981818	0.981818	0.982456	16.0464	15.8859
540	1	1	0.981818	0.981818	0.982456	16.0293	15.8724
541	1	1	0.981818	0.981818	0.982456	16.0149	15.858
542	1	1	0.981818	0.981818	0.982456	16.0071	15.8459
543	1	1	0.981818	0.981818	0.982456	15.9914	15.8324
544	1	1	0.981818	0.981818	0.982456	15.9774	15.8174
545	1	1	0.981818	0.981818	0.982456	15.9583	15.8043
546	1	1	0.981818	0.981818	0.982456	15.941	15.7903
547	1	1	0.981818	0.981818	0.982456	15.9235	15.7762
548	1	1	0.981818	0.981818	0.982456	15.9141	15.7632
549	1	1	0.981818	0.981818	0.982456	15.9037	15.7498
550	1	1	0.981818	0.981818	0.982456	15.8873	15.7354
551	1	1	0.981818	0.981818	0.982456	15.8739	15.7223
552	1	1	0.981818	0.981818	0.982456	15.8596	15.7087
553	1	1	0.981818	0.981818	0.982456	15.8463	15.6942
554	1	1	0.981818	0.981818	0.982456	15.8371	15.6813
555	1	1	0.981818	0.981818	0.982456	15.8259	15.6676
556	1	1	0.981818	0.981818	0.982456	15.8151	15.6545
557	1	1	0.981818	0.981818	0.982456	15.8003	15.6405
558	1	1	0.981818	0.981818	0.982456	15.794	15.6272
559	1	1	0.981818	0.981818	0.982456	15.7815	15.6141
560	1	1	0.981818	0.981818	0.982456	15.7599	15.6009
561	1	1	0.981818	0.981818	0.982456	15.7315	15.587
562	1	1	0.981818	0.981818	0.982456	15.716	15.5734
563	1	1	0.981818	0.981818	0.982456	15.7094	15.5599
564	1	1	0.981818	0.981818	0.982456	15.7015	15.546
565	1	1	0.981818	0.981818	0.982456	15.6927	15.5321
566	1	1	0.981818	0.981818	0.982456	15.6784	15.519
567	1	1	0.981818	0.981818	0.982456	15.6624	15.5051
568	1	1	0.981818	0.981818	0.982456	15.6468	15.4919
569	1	1	0.981818	0.981818	0.982456	15.6325	15.4787
570	1	1	0.981818	0.981818	0.982456	15.6169	15.4662
571	1	1	0.981818	0.981818	0.982456	15.6059	15.4516
572	1	1	0.981818	0.981818	0.982456	15.5959	15.4383
573	1	1	0.981818	0.981818	0.982456	15.5791	15.4249
574	1	1	0.981818	0.981818	0.982456	15.5684	15.4113
575	1	1	0.981818	0.981818	0.982456	15.5587	15.3977
576	1	1	0.981818	0.981818	0.982456	15.5489	15.3846
577	1	1	0.981818	0.981818	0.982456	15.5381	15.3721
578	1	1	0.981818	0.981818	0.982456	15.522	15.3582
579	1	1	0.981818	0.981818	0.982456	15.4966	15.3452
580	1	1	0.981818	0.981818	0.982456	15.4785	15.3314
581	1	1	0.981818	0.981818	0.982456	15.4719	15.3176
582	1	1	0.981818	0.981818	0.982456	15.4683	15.3045
583	1	1	0.981818	0.981818	0.982456	15.4503	15.2926
584	1	1	0.981818	0.981818	0.982456	15.4286	15.2774
585	1	1	0.981818	0.981818	0.982456	15.4207	15.2642
586	1	1	0.981818	0.981818	0.982456	15.4099	15.2508
587	1	1	0.981818	0.981818	0.982456	15.3926	15.2378
588	1	1	0.981818	0.981818	0.982456	15.3834	15.2244
589	1	1	0.981818	0.981818	0.982456	15.3736	15.2107
590	1	1	0.981818	0.981818	0.982456	15.3582	15.1974
591	1	1	0.981818	0.981818	0.982456	15.343	15.1845
592	1	1	0.981818	0.981818	0.982456	15.3318	15.1714
593	1	1	0.981818	0.981818	0.982456	15.3256	15.1584
594	1	1	0.981818	0.981818	0.982456	15.3069	15.1443
595	1	1	0.981818	0.981818	0.982456	15.2916	15.1313
596	1	1	0.981818	0.981818	0.982456	15.2811	15.1193
597	1	1	0.981818	0.981818	0.982456	15.2613	15.1058
598	1	1	0.981818	0.981818	0.982456	15.2466	15.0916
599	1	1	0.981818	0.981818	0.982456	15.2285	15.0788
600	1	1	0.981818	0.981818	0.982456	15.22	15.066
601	1	1	0.981818	0.981818	0.982456	15.209	15.0517
602	1	1	0.981818	0.981818	0.982456	15.1975	15.0383
603	1	1	0.981818	0.981818	0.982456	15.178	15.0252
604	1	1	0.981818	0.981818	0.982456	15.1611	15.012
605	1	1	0.981818	0.981818	0.982456	15.1525	14.9992
606	1	1	0.981818	0.981818	0.982456	15.1422	14.9858
607	1	1	0.981818	0.981818	0.982456	15.1254	14.9722
608	1	1	0.981818	0.981818	0.982456	15.1084	14.9597
609	1	1	0.981818	0.981818	0.982456	15.1026	14.9462
610	1	1	0.981818	0.981818	0.982456	15.0933	14.933
611	1	1	0.981818	0.981818	0.982456	15.0841	14.9198
612	1	1	0.981818	0.981818	0.982456	15.067	14.9068
613	1	1	0.981818	0.981818	0.982456	15.0458	14.8938
614	1	1	0.981818	0.981818	0.982456	15.0331	14.8804
615	1	1	0.981818	0.981818	0.982456	15.0244	14.8679
616	1	1	0.981818	0.981818	0.982456	15.0088	14.8541
617	1	1	0.981818	0.981818	0.982456	14.9908	14.8414
618	1	1	0.981818	0.981818	0.982456	14.9816	14.8279
619	1	1	0.981818	0.981818	0.982456	14.9724	14.8148
620	1	1	0.981818	0.981818	0.982456	14.9638	14.8029
621	1	1	0.981818	0.981818	0.982456	14.9536	14.7891
622	1	1	0.981818	0.981818	0.982456	14.9407	14.7759
623	1	1	0.981818	0.981818	0.982456	14.9279	14.7622
624	1	1	0.981818	0.981818	0.982456	14.9113	14.7497
625	1	1	0.981818	0.981818	0.982456	14.8953	14.7367
626	1	1	0.981818	0.981818	0.982456	14.881	14.7232
627	1	1	0.981818	0.981818	0.982456	14.8696	14.711
628	1	1	0.981818	0.981818	0.982456	14.8541	14.6973
629	1	1	0.981818	0.981818	0.982456	14.8388	14.6841
630	1	1	0.981818	0.981818	0.982456	14.8255	14.6711
631	1	1	0.981818	0.981818	0.982456	14.8192	14.6581
632	1	1	0.981818	0.981818	0.982456	14.807	14.6456
633	1	1	0.981818	0.981818	0.982456	14.8027	14.6326
634	1	1	0.981818	0.981818	0.982456	14.7788	14.6195
635	1	1	0.981818	0.981818	0.982456	14.7601	14.6067
636	1	1	0.981818	0.981818	0.982456	14.7463	14.5929
637	1	1	0.981818	0.981818	0.982456	14.737	14.58
638	1	1	0.981818	0.981818	0.982456	14.7265	14.5673
639	1	1	0.981818	0.981818	0.982456	14.7143	14.5539
640	1	1	0.981818	0.981818	0.982456	14.7057	14.5414
641	1	1	0.981818	0.981818	0.982456	14.6874	14.529
642	1	1	0.981818	0.981818	0.982456	14.6683	14.5156
643	1	1	0.981818	0.981818	0.982456	14.654	14.5027
644	1	1	0.981818	0.981818	0.982456	14.642	14.4897
645	1	1	0.981818	0.981818	0.982456	14.6372	14.4762
646	1	1	0.981818	0.981818	0.982456	14.6309	14.4634
647	1	1	0.981818	0.981818	0.982456	14.6212	14.4506
648	1	1	0.981818	0.981818	0.982456	14.6067	14.4377
649	1	1	0.981818	0.981818	0.982456	14.5914	14.4247
650	1	1	0.981818	0.981818	0.982456	14.5714	14.4118
651	1	1	0.981818	0.981818	0.982456	14.553	14.3991
652	1	1	0.981818	0.981818	0.982456	14.5375	14.3863
653	1	1	0.981818	0.981818	0.982456	14.5336	14.3733
654	1	1	0.981818	0.981818	0.982456	14.5257	14.3601
655	1	1	0.981818	0.981818	0.982456	14.5116	14.3476
656	1	1	0.981818	0.981818	0.982456	14.5063	14.3347
657	1	1	0.981818	0.981818	0.982456	14.4954	14.322
658	1	1	0.981818	0.981818	0.982456	14.4702	14.3092
659	1	1	0.981818	0.981818	0.982456	14.452	14.2964
660	1	1	0.981818	0.981818	0.982456	14.4374	14.2829
661	1	1	0.981818	0.981818	0.982456	14.4269	14.2702
662	1	1	0.981818	0.981818	0.982456	14.4203	14.2578
663	1	1	0.981818	0.981818	0.982456	14.4087	14.2445
664	1	1	0.981818	0.981818	0.982456	14.3963	14.2317
665	1	1	0.981818	0.981818	0.982456	14.3811	14.2189
666	1	1	0.981818	0.981818	0.982456	14.3613	14.2069
667	1	1	0.981818	0.981818	0.982456	14.3439	14.1939
668	1	1	0.981818	0.981818	0.982456	14.3273	14.1806
669	1	1	0.981818	0.981818	0.982456	14.3184	14.1681
670	1	1	0.981818	0.981818	0.982456	14.31	14.1552
671	1	1	0.981818	0.981818	0.982456	14.299	14.1429
672	1	1	0.981818	0.981818	0.982456	14.2931	14.1305
673	1	1	0.981818	0.981818	0.982456	14.2843	14.1172
674	1	1	0.981818	0.981818	0.982456	14.27	14.1042
675	1	1	0.981818	0.981818	0.982456	14.2529	14.0915
676	1	1	0.981818	0.981818	0.982456	14.2422	14.0789
677	1	1	0.981818	0.981818	0.982456	14.2249	14.0661
678	1	1	0.981818	0.981818	0.982456	14.2036	14.0533
679	1	1	0.981818	0.981818	0.982456	14.1914	14.0405
680	1	1	0.981818	0.981818	0.982456	14.1853	14.0278
681	1	1	0.981818	0.981818	0.982456	14.1771	14.0149
682	1	1	0.981818	0.981818	0.982456	14.1661	14.0025
683	1	1	0.981818	0.981818	0.982456	14.1488	13.9898
684	1	1	0.981818	0.981818	0.982456	14.1324	13.9771
685	1	1	0.981818	0.981818	0.982456	14.1209	13.9648
686	1	1	0.981818	0.981818	0.982456	14.1121	13.9517
687	1	1	0.981818	0.981818	0.982456	14.1016	13.9395
688	1	1	0.981818	0.981818	0.982456	14.0903	13.9266
689	1	1	0.981818	0.981818	0.982456	14.0753	13.9142
690	1	1	0.981818	0.981818	0.982456	14.0627	13.9011
691	1	1	0.981818	0.981818	0.982456	14.0646	13.8886
692	1	1	0.981818	0.981818	0.982456	14.0559	13.8757
693	1	1	0.981818	0.981818	0.982456	14.0294	13.8631
694	1	1	0.981818	0.981818	0.982456	14.0075	13.8513
695	1	1	0.981818	0.981818	0.982456	13.9935	13.8382
696	1	1	0.981818	0.981818	0.982456	13.9867	13.8253
697	1	1	0.981818	0.981818	0.982456	13.9793	13.8128
698	1	1	0.981818	0.981818	0.982456	13.9663	13.8001
699	1	1	0.981818	0.981818	0.982456	13.9558	13.7877
700	1	1	0.981818	0.981818	0.982456	13.9464	13.7749
701	1	1	0.981818	0.981818	0.982456	13.934	13.7628
702	1	1	0.981818	0.981818	0.982456	13.9207	13.75
703	1	1	0.981818	0.981818	0.982456	13.9046	13.7372
704	1	1	0.981818	0.981818	0.982456	13.8941	13.7246
705	1	1	0.981818	0.981818	0.982456	13.8748	13.7121
706	1	1	0.981818	0.981818	0.982456	13.8564	13.6995
707	1	1	0.981818	0.981818	0.982456	13.8439	13.6871
708	1	1	0.981818	0.981818	0.982456	13.8358	13.6744
709	1	1	0.981818	0.981818	0.982456	13.8315	13.662
710	1	1	0.981818	0.981818	0.982456	13.815	13.6494
711	1	1	0.981818	0.981818	0.982456	13.8004	13.6369
712	1	1	0.981818	0.981818	0.982456	13.7876	13.6244
713	1	1	0.981818	0.981818	0.982456	13.7802	13.6119
714	1	1	0.981818	0.981818	0.982456	13.7753	13.6002
715	1	1	0.981818	0.981818	0.982456	13.7648	13.5868
716	1	1	0.981818	0.981818	0.982456	13.7478	13.5742
717	1	1	0.981818	0.981818	0.982456	13.7274	13.562
718	1	1	0.981818	0.981818	0.982456	13.7109	13.5495
719	1	1	0.981818	0.981818	0.982456	13.6952	13.5369
720	1	1	0.981818	0.981818	0.982456	13.6838	13.5245
721	1	1	0.981818	0.981818	0.982456	13.6744	13.5118
722	1	1	0.981818	0.981818	0.982456	13.6636	13.4995
723	1	1	0.981818	0.981818	0.982456	13.6493	13.487
724	1	1	0.981818	0.981818	0.982456	13.6426	13.4751
725	1	1	0.981818	0.981818	0.982456	13.6306	13.4623
726	1	1	0.981818	0.981818	0.982456	13.6162	13.4496
727	1	1	0.981818	0.981818	0.982456	13.6039	13.4372
728	1	1	0.981818	0.981818	0.982456	13.5954	13.4248
729	1	1	0.981818	0.981818	0.982456	13.5776	13.413
730	1	1	0.981818	0.981818	0.982456	13.5624	13.4
731	1	1	0.981818	0.981818	0.982456	13.5545	13.3877
732	1	1	0.981818	0.981818	0.982456	13.5448	13.3756
733	1	1	0.981818	0.981818	0.982456	13.5296	13.3628
734	1	1	0.981818	0.981818	0.982456	13.5141	13.3506
735	1	1	0.981818	0.981818	0.982456	13.4983	13.3382
736	1	1	0.981818	0.981818	0.982456	13.4879	13.326
737	1	1	0.981818	0.981818	0.982456	13.4655	13.3131
738	1	1	0.981818	0.981818	0.982456	13.4508	13.3007
739	1	1	0.981818	0.981818	0.982456	13.4495	13.2885
740	1	1	0.981818	0.981818	0.982456	13.436	13.2765
741	1	1	0.981818	0.981818	0.982456	13.4152	13.2639
742	1	1	0.981818	0.981818	0.982456	13.4042	13.2514
743	1	1	0.981818	0.981818	0.982456	13.3971	13.239
744	1	1	0.981818	0.981818	0.982456	13.3881	13.2264
745	1	1	0.981818	0.981818	0.982456	13.3726	13.2143
746	1	1	0.981818	0.981818	0.982456	13.3619	13.202
747	1	1	0.981818	0.981818	0.982456	13.3523	13.1894
748	1	1	0.981818	0.981818	0.982456	13.3464	13.1773
749	1	1	0.981818	0.981818	0.982456	13.335	13.1649
750	1	1	0.981818	0.981818	0.982456	13.3172	13.1529
751	1	1	0.981818	0.981818	0.982456	13.299	13.1403
752	1	1	0.981818	0.981818	0.982456	13.2924	13.1282
753	1	1	0.981818	0.981818	0.982456	13.2883	13.1157
754	1	1	0.981818	0.981818	0.982456	13.2777	13.1039
755	1	1	0.981818	0.981818	0.982456	13.2637	13.0915
756	1	1	0.981818	0.981818	0.982456	13.2517	13.0792
757	1	1	0.981818	0.981818	0.982456	13.2369	13.0676
758	1	1	0.981818	0.981818	0.982456	13.2163	13.0549
759	1	1	0.981818	0.981818	0.982456	13.2029	13.0428
760	1	1	0.981818	0.981818	0.982456	13.1925	13.0311
761	1	1	0.981818	0.981818	0.982456	13.1857	13.0186
762	1	1	0.981818	0.981818	0.982456	13.1726	13.0064
763	1	1	0.981818	0.981818	0.982456	13.17	12.9942
764	1	1	0.981818	0.981818	0.982456	13.1592	12.9825
765	1	1	0.981818	0.981818	0.982456	13.1317	12.9701
766	1	1	0.981818	0.981818	0.982456	13.1077	12.9579
767	1	1	0.981818	0.981818	0.982456	13.1	12.946
768	1	1	0.981818	0.981818	0.982456	13.0952	12.9337
769	1	1	0.981818	0.981818	0.982456	13.0856	12.9215
770	1	1	0.981818	0.981818	0.982456	13.0769	12.9098
771	1	1	0.981818	0.981818	0.982456	13.0547	12.8976
772	1	1	0.981818	0.981818	0.982456	13.0373	12.8855
773	1	1	0.963636	0.981818	0.982456	13.0253	12.8731
774	1	1	0.981818	0.981818	0.982456	13.0213	12.8619
775	1	1	0.981818	0.981818	0.982456	13.0179	12.8492
776	1	1	0.981818	0.981818	0.982456	13.0046	12.8374
777	1	1	0.981818	0.981818	0.982456	12.9861	12.8252
778	1	1	0.981818	0.981818	0.982456	12.9695	12.8129
779	1	1	0.981818	0.981818	0.982456	12.9599	12.8012
780	1	1	0.981818	0.981818	0.982456	12.9546	12.7888
781	1	1	0.981818	0.981818	0.982456	12.9429	12.777
782	1	1	0.981818	0.981818	0.982456	12.9251	12.7649
783	1	1	0.981818	0.981818	0.982456	12.9182	12.7527
784	1	1	0.981818	0.981818	0.982456	12.9046	12.7407
785	1	1	0.981818	0.981818	0.982456	12.9013	12.7293
786	1	1	0.981818	0.981818	0.982456	12.8877	12.7171
787	1	1	0.981818	0.981818	0.982456	12.8697	12.7047
788	1	1	0.981818	0.981818	0.982456	12.8591	12.6927
789	1	1	0.981818	0.981818	0.982456	12.8465	12.6807
790	1	1	0.981818	0.981818	0.982456	12.8328	12.6689
791	1	1	0.981818	0.981818	0.982456	12.8208	12.657
792	1	1	0.981818	0.981818	0.982456	12.8052	12.6447
793	1	1	0.981818	0.981818	0.982456	12.7897	12.6329
794	1	1	0.981818	0.981818	0.982456	12.778	12.621
795	1	1	0.981818	0.981818	0.982456	12.7695	12.6087
796	1	1	0.981818	0.981818	0.982456	12.7577	12.5972
797	1	1	0.981818	0.981818	0.982456	12.7497	12.5849
798	1	1	0.981818	0.981818	0.982456	12.7398	12.573
799	1	1	0.981818	0.981818	0.982456	12.7246	12.5609
800	1	1	0.981818	0.981818	0.982456	12.7108	12.549
801	1	1	0.981818	0.981818	0.982456	12.698	12.537
802	1	1	0.981818	0.981818	0.982456	12.6856	12.5253
803	1	1	0.981818	0.981818	0.982456	12.6766	12.5132
804	1	1	0.981818	0.981818	0.982456	12.6696	12.5012
805	1	1	0.981818	0.981818	0.982456	12.6585	12.4893
806	1	1	0.981818	0.981818	0.982456	12.6425	12.4774
807	1	1	0.981818	0.981818	0.982456	12.6354	12.4654
808	1	1	0.981818	0.981818	0.982456	12.6295	12.4538
809	1	1	0.981818	0.981818	0.982456	12.6051	12.4419
810	1	1	0.981818	0.981818	0.982456	12.5911	12.4297
811	1	1	0.981818	0.981818	0.982456	12.5805	12.4178
812	1	1	0.981818	0.981818	0.982456	12.5643	12.4058
813	1	1	0.981818	0.981818	0.982456	12.5561	12.3941
814	1	1	0.981818	0.981818	0.982456	12.5473	12.3821
815	1	1	0.981818	0.981818	0.982456	12.537	12.3703
816	1	1	0.981818	0.981818	0.982456	12.5282	12.3582
817	1	1	0.981818	0.981818	0.982456	12.5259	12.3466
818	1	1	0.981818	0.981818	0.982456	12.5064	12.3345
819	1	1	0.981818	0.981818	0.982456	12.4876	12.3228
820	1	1	0.981818	0.981818	0.982456	12.4731	12.3108
821	1	1	0.981818	0.981818	0.982456	12.4615	12.299
822	1	1	0.981818	0.981818	0.982456	12.4525	12.2872
823	1	1	0.981818	0.981818	0.982456	12.4399	12.2751
824	1	1	0.981818	0.981818	0.982456	12.4291	12.2633
825	1	1	0.981818	0.981818	0.982456	12.42	12.2514
826	1	1	0.981818	0.981818	0.982456	12.4122	12.2398
827	1	1	0.981818	0.981818	0.982456	12.3948	12.228
828	1	1	0.981818	0.981818	0.982456	12.3817	12.2161
829	1	1	0.981818	0.981818	0.982456	12.3666	12.2041
830	1	1	0.981818	0.981818	0.982456	12.3548	12.1922
831	1	1	0.981818	0.981818	0.982456	12.3373	12.1805
832	1	1	0.981818	0.981818	0.982456	12.3269	12.1686
833	1	1	0.981818	0.981818	0.982456	12.3252	12.1571
834	1	1	0.981818	0.981818	0.982456	12.3216	12.1451
835	1	1	0.981818	0.981818	0.982456	12.3036	12.1332
836	1	1	0.981818	0.981818	0.982456	12.2847	12.1215
837	1	1	0.981818	0.981818	0.982456	12.2662	12.1101
838	1	1	0.981818	0.981818	0.982456	12.2543	12.0979
839	1	1	0.981818	0.981818	0.982456	12.2478	12.086
840	1	1	0.981818	0.981818	0.982456	12.2404	12.0744
841	1	1	0.981818	0.981818	0.982456	12.225	12.0625
842	1	1	0.981818	0.981818	0.982456	12.2194	12.0509
843	1	1	0.981818	0.981818	0.982456	12.2098	12.0389
844	1	1	0.981818	0.981818	0.982456	12.1949	12.0279
845	1	1	0.981818	0.981818	0.982456	12.1786	12.0155
846	1	1	0.981818	0.981818	0.982456	12.165	12.0037
847	1	1	0.981818	0.981818	0.982456	12.1591	11.9919
848	1	1	0.981818	0.981818	0.982456	12.1524	11.9802
849	1	1	0.981818	0.981818	0.982456	12.1352	11.9683
850	1	1	0.981818	0.981818	0.982456	12.1189	11.9567
851	1	1	0.981818	0.981818	0.982456	12.1082	11.9449
852	1	1	0.981818	0.981818	0.982456	12.0965	11.9331
853	1	1	0.981818	0.981818	0.982456	12.0821	11.9216
854	1	1	0.981818	0.981818	0.982456	12.0659	11.9098
855	1	1	0.981818	0.981818	0.982456	12.0622	11.8982
856	1	1	0.981818	0.981818	0.982456	12.0432	11.8865
857	1	1	0.981818	0.981818	0.982456	12.0448	11.875
858	1	1	0.981818	0.981818	0.982456	12.042	11.8628
859	1	1	0.981818	0.981818	0.982456	12.0293	11.8517
860	1	1	0.981818	0.981818	0.982456	12.0119	11.8395
861	1	1	0.981818	0.981818	0.982456	12.0008	11.8281
862	1	1	0.981818	0.981818	0.982456	11.9965	11.8162
863	1	1	0.981818	0.981818	0.982456	11.9853	11.8046
864	1	1	0.981818	0.981818	0.982456	11.9706	11.7927
865	1	1	0.981818	0.981818	0.982456	11.9528	11.7811
866	1	1	0.981818	0.981818	0.982456	11.9414	11.7695
867	1	1	0.981818	0.981818	0.982456	11.9309	11.7579
868	1	1	0.981818	0.981818	0.982456	11.9223	11.7462
869	1	1	0.981818	0.981818	0.982456	11.9101	11.7349
870	1	1	0.981818	0.981818	0.982456	11.896	11.7228
871	1	1	0.981818	0.981818	0.982456	11.8728	11.7113
872	1	1	0.981818	0.981818	0.982456	11.8462	11.6994
873	1	1	0.981818	0.981818	0.982456	11.8583	11.6883
874	1	1	0.981818	0.981818	0.982456	11.8472	11.6763
875	1	1	0.981818	0.981818	0.982456	11.8339	11.6649
876	1	1	0.981818	0.981818	0.982456	11.8161	11.6531
877	1	1	0.981818	0.981818	0.982456	11.7987	11.6415
878	1	1	0.981818	0.981818	0.982456	11.7877	11.6298
879	1	1	0.981818	0.981818	0.982456	11.7776	11.6181
880	1	1	0.981818	0.981818	0.982456	11.7808	11.6067
881	1	1	0.981818	0.981818	0.982456	11.7753	11.5951
882	1	1	0.981818	0.981818	0.982456	11.7565	11.5834
883	1	1	0.981818	0.981818	0.982456	11.7383	11.5719
884	1	1	0.981818	0.981818	0.982456	11.7299	11.5603
885	1	1	0.981818	0.981818	0.982456	11.7223	11.5486
886	1	1	0.981818	0.981818	0.982456	11.706	11.537
887	1	1	0.981818	0.981818	0.982456	11.6901	11.5256
888	1	1	0.981818	0.981818	0.982456	11.68	11.5139
889	1	1	0.981818	0.981818	0.982456	11.6784	11.5025
890	1	1	0.981818	0.981818	0.982456	11.6699	11.491
891	1	1	0.981818	0.981818	0.982456	11.6517	11.4792
892	1	1	0.981818	0.981818	0.982456	11.633	11.4677
893	1	1	0.981818	0.981818	0.982456	11.6162	11.456
894	1	1	0.981818	0.981818	0.982456	11.6082	11.4445
895	1	1	0.981818	0.981818	0.982456	11.5997	11.4329
896	1	1	0.981818	0.981818	0.982456	11.5893	11.4214
897	1	1	0.981818	0.981818	0.982456	11.5789	11.4098
898	1	1	0.981818	0.981818	0.982456	11.5635	11.3983
899	1	1	0.963636	0.981818	0.982456	11.5559	11.3871
900	1	1	0.981818	0.981818	0.982456	11.5372	11.3753
901	1	1	0.981818	0.981818	0.982456	11.529	11.3638
902	1	1	0.981818	0.981818	0.982456	11.5259	11.3525
903	1	1	0.981818	0.981818	0.982456	11.5178	11.3413
904	1	1	0.981818	0.981818	0.982456	11.4983	11.3294
905	1	1	0.981818	0.981818	0.982456	11.482	11.318
906	1	1	0.981818	0.981818	0.982456	11.4712	11.3065
907	1	1	0.981818	0.981818	0.982456	11.4615	11.295
908	1	1	0.981818	0.981818	0.982456	11.456	11.2836
909	1	1	0.981818	0.981818	0.982456	11.4463	11.272
910	1	1	0.981818	0.981818	0.982456	11.4356	11.2604
911	1	1	0.981818	0.981818	0.982456	11.4194	11.2491
912	1	1	0.981818	0.981818	0.982456	11.4094	11.2376
913	1	1	0.981818	0.981818	0.982456	11.3965	11.2261
914	1	1	0.981818	0.981818	0.982456	11.3797	11.2146
915	1	1	0.981818	0.981818	0.982456	11.3656	11.2032
916	1	1	0.981818	0.981818	0.982456	11.3562	11.1918
917	1	1	0.981818	0.981818	0.982456	11.3479	11.1803
918	1	1	0.981818	0.981818	0.982456	11.3403	11.1689
919	1	1	0.981818	0.981818	0.982456	11.331	11.1574
920	1	1	0.981818	0.981818	0.982456	11.3267	11.1462
921	1	1	0.981818	0.981818	0.982456	11.3156	11.1346
922	1	1	0.981818	0.981818	0.982456	11.3043	11.1231
923	1	1	0.981818	0.981818	0.982456	11.2961	11.1117
924	1	1	0.981818	0.981818	0.982456	11.2602	11.1005
925	1	1	0.981818	0.981818	0.982456	11.2476	11.089
926	1	1	0.981818	0.981818	0.982456	11.2413	11.0776
927	1	1	0.981818	0.981818	0.982456	11.2401	11.0663
928	1	1	0.981818	0.981818	0.982456	11.2242	11.0553
929	1	1	0.981818	0.981818	0.982456	11.2137	11.0435
930	1	1	0.981818	0.981818	0.982456	11.198	11.0322
931	1	1	0.963636	0.981818	0.982456	11.1861	11.0208
932	1	1	0.981818	0.981818	0.982456	11.1616	11.0096
933	1	1	0.981818	0.981818	0.982456	11.1481	10.9983
934	1	1	0.981818	0.981818	0.982456	11.1424	10.9872
935	1	1	0.981818	0.981818	0.982456	11.1272	10.9757
936	1	1	0.981818	0.981818	0.982456	11.1154	10.9643
937	1	1	0.981818	0.981818	0.982456	11.1088	10.953
938	1	1	0.981818	0.981818	0.982456	11.1132	10.9419
939	1	1	0.981818	0.981818	0.982456	11.1023	10.9304
940	1	1	0.981818	0.981818	0.982456	11.086	10.9192
941	1	1	0.981818	0.981818	0.982456	11.0634	10.9079
942	1	1	0.981818	0.981818	0.982456	11.0488	10.8966
943	1	1	0.981818	0.981818	0.982456	11.0496	10.8854
944	1	1	0.981818	0.981818	0.982456	11.0497	10.8742
945	1	1	0.981818	0.981818	0.982456	11.0409	10.863
946	1	1	0.981818	0.981818	0.982456	11.0203	10.8517
947	1	1	0.981818	0.981818	0.982456	11.0025	10.8404
948	1	1	0.981818	0.981818	0.982456	10.992	10.8292
949	1	1	0.981818	0.981818	0.982456	10.9859	10.818
950	1	1	0.981818	0.981818	0.982456	10.9848	10.8068
951	1	1	0.981818	0.981818	0.982456	10.9661	10.7955
952	1	1	0.981818	0.981818	0.982456	10.9511	10.7843
953	1	1	0.981818	0.981818	0.982456	10.9395	10.7731
954	1	1	0.981818	0.981818	0.982456	10.9321	10.762
955	1	1	0.981818	0.981818	0.982456	10.9174	10.7508
956	1	1	0.981818	0.981818	0.982456	10.906	10.7398
957	1	1	0.981818	0.981818	0.982456	10.895	10.7284
958	1	1	0.981818	0.981818	0.982456	10.8917	10.7173
959	1	1	0.981818	0.981818	0.982456	10.8973	10.7062
960	1	1	0.981818	0.981818	0.982456	10.8892	10.6949
961	1	1	0.981818	0.981818	0.982456	10.8669	10.6837
962	1	1	0.981818	0.981818	0.982456	10.8404	10.6727
963	1	1	0.981818	0.981818	0.982456	10.8203	10.6614
964	1	1	0.981818	0.981818	0.982456	10.8169	10.6503
965	1	1	0.981818	0.981818	0.982456	10.8107	10.6393
966	1	1	0.981818	0.981818	0.982456	10.801	10.628
967	1	1	0.981818	0.981818	0.982456	10.7859	10.6168
968	1	1	0.981818	0.981818	0.982456	10.7722	10.6058
969	1	1	0.981818	0.981818	0.982456	10.7626	10.5946
970	1	1	0.981818	0.981818	0.982456	10.7569	10.5834
971	1	1	0.981818	0.981818	0.982456	10.7429	10.5723
972	1	1	0.981818	0.981818	0.982456	10.7212	10.5612
973	1	1	0.981818	0.981818	0.982456	10.7085	10.5502
974	1	1	0.981818	0.981818	0.982456	10.7092	10.5389
975	1	1	0.981818	0.981818	0.982456	10.7	10.5279
976	1	1	0.981818	0.981818	0.982456	10.6845	10.5167
977	1	1	0.981818	0.981818	0.982456	10.6694	10.5056
978	1	1	0.981818	0.981818	0.982456	10.6527	10.4945
979	1	1	0.981818	0.981818	0.982456	10.6514	10.4834
980	1	1	0.981818	0.981818	0.982456	10.6386	10.4724
981	1	1	0.981818	0.981818	0.982456	10.6277	10.4613
982	1	1	0.981818	0.981818	0.982456	10.6109	10.4502
983	1	1	0.981818	0.981818	0.982456	10.6031	10.4392
984	1	1	0.981818	0.981818	0.982456	10.6033	10.428
985	1	1	0.981818	0.981818	0.982456	10.595	10.417
986	1	1	0.981818	0.981818	0.982456	10.5787	10.4059
987	1	1	0.981818	0.981818	0.982456	10.5551	10.3949
988	1	1	0.981818	0.981818	0.982456	10.5502	10.3838
989	1	1	0.981818	0.981818	0.982456	10.5448	10.3727
990	1	1	0.981818	0.981818	0.982456	10.5387	10.3616
991	1	1	0.981818	0.981818	0.982456	10.5277	10.3507
992	1	1	0.981818	0.981818	0.982456	10.5054	10.3395
993	1	1	0.981818	0.981818	0.982456	10.4922	10.3285
994	1	1	0.981818	0.981818	0.982456	10.4842	10.3175
995	1	1	0.981818	0.981818	0.982456	10.4741	10.3064
996	1	1	0.981818	0.981818	0.982456	10.4591	10.2954
997	1	1	0.981818	0.981818	0.982456	10.4536	10.2844
998	1	1	0.981818	0.981818	0.982456	10.446	10.2733
999	1	1	0.981818	0.981818	0.982456	10.4312	10.2622
