0	2	0	0.0181818	0.00606061	0.0178571	40.8742	41.4318
1	2	0.02	0.0181818	0.0121212	0.0178571	34.7656	34.5478
2	2	0.04	0.0181818	0.0181818	0.0178571	29.9925	29.2255
3	2	0.44	0.418182	0.151515	0.428571	27.3347	27.0689
4	2	0.4	0.454545	0.29697	0.464286	27.1142	27.052
5	2	0.48	0.454545	0.442424	0.464286	27.2023	26.8653
6	2	0.58	0.490909	0.466667	0.553571	27.1759	26.9839
7	2	0.52	0.509091	0.484848	0.553571	27.0868	27.2272
8	2	0.58	0.509091	0.50303	0.553571	26.9545	26.6297
9	2	0.7	0.527273	0.515152	0.571429	26.7811	26.1784
10	2	0.5	0.545455	0.527273	0.589286	26.6584	27.1584
11	2	0.72	0.618182	0.563636	0.714286	26.4334	26.1049
12	2	0.86	0.636364	0.6	0.714286	26.344	25.6651
13	2	0.78	0.636364	0.630303	0.714286	26.2825	25.9487
14	2	0.76	0.618182	0.630303	0.714286	26.1497	25.8537
15	2	0.64	0.6	0.630303	0.714286	26.0389	25.828
16	2	0.72	0.618182	0.630303	0.714286	25.982	25.7115
17	2	0.7	0.636364	0.630303	0.714286	25.9194	25.791
18	2	0.74	0.636364	0.630303	0.714286	25.8553	25.6761
19	2	0.62	0.636364	0.636364	0.714286	25.8795	25.9587
20	2	0.66	0.618182	0.636364	0.714286	25.7978	25.7851
21	2	0.86	0.672727	0.642424	0.767857	25.6323	25.2888
22	2	0.78	0.690909	0.660606	0.767857	25.5206	25.2064
23	2	0.82	0.690909	0.684848	0.785714	25.4881	25.278
24	2	0.68	0.709091	0.69697	0.821429	25.4452	25.6249
25	2	0.88	0.690909	0.69697	0.821429	25.3639	25.0362
26	2	0.86	0.690909	0.69697	0.821429	25.3345	25.2033
27	2	0.84	0.690909	0.69697	0.821429	25.3594	25.1846
28	2	0.8	0.690909	0.69697	0.821429	25.2858	25.165
29	2	0.88	0.781818	0.721212	0.875	25.1716	25.0412
30	2	0.8	0.763636	0.745455	0.892857	25.1736	25.1555
31	2	0.94	0.781818	0.775758	0.892857	25.1444	24.8364
32	2	0.86	0.818182	0.787879	0.892857	25.0659	24.9492
33	2	0.86	0.8	0.8	0.875	25.0756	24.9293
34	2	0.84	0.781818	0.8	0.875	25.0658	24.9945
35	2	0.82	0.818182	0.8	0.875	24.9604	25.0086
36	2	0.82	0.818182	0.806061	0.875	24.919	24.8323
37	2	0.88	0.818182	0.818182	0.875	24.8939	24.7472
38	2	0.84	0.818182	0.818182	0.875	24.8637	24.8352
39	2	0.86	0.8	0.818182	0.875	24.8885	24.744
40	2	0.92	0.818182	0.818182	0.875	24.8305	24.6332
41	2	0.9	0.836364	0.818182	0.875	24.7755	24.6506
42	2	0.84	0.836364	0.830303	0.875	24.7335	24.6811
43	2	0.92	0.836364	0.836364	0.875	24.729	24.6082
44	2	0.92	0.818182	0.836364	0.875	24.6949	24.4798
45	2	0.92	0.818182	0.836364	0.875	24.6873	24.5278
46	2	0.86	0.818182	0.836364	0.875	24.6261	24.5421
47	2	0.94	0.854545	0.836364	0.875	24.5965	24.4587
48	2	0.86	0.836364	0.836364	0.892857	24.588	24.5178
49	2	0.94	0.854545	0.848485	0.892857	24.5467	24.3415
50	2	0.86	0.872727	0.854545	0.892857	24.5207	24.491
51	2	0.9	0.836364	0.854545	0.892857	24.5209	24.4164
52	2	0.88	0.854545	0.854545	0.892857	24.4875	24.4237
53	2	0.88	0.854545	0.854545	0.892857	24.4457	24.4118
54	2	0.92	0.836364	0.854545	0.892857	24.4423	24.2822
55	2	0.78	0.818182	0.854545	0.892857	24.4218	24.3948
56	2	0.88	0.818182	0.854545	0.892857	24.398	24.2802
57	2	0.82	0.836364	0.854545	0.892857	24.385	24.3743
58	2	0.92	0.872727	0.854545	0.892857	24.3384	24.2434
59	2	0.94	0.872727	0.860606	0.892857	24.3072	24.1411
60	2	0.9	0.854545	0.866667	0.892857	24.2841	24.171
61	2	0.82	0.854545	0.866667	0.892857	24.2497	24.2697
62	2	0.88	0.854545	0.866667	0.892857	24.23	24.1132
63	2	0.94	0.854545	0.866667	0.892857	24.2262	24.0651
64	2	0.92	0.872727	0.866667	0.892857	24.1878	24.115
65	2	0.92	0.854545	0.866667	0.892857	24.1598	24.1122
66	2	0.96	0.854545	0.866667	0.892857	24.1664	23.9511
67	2	0.94	0.854545	0.866667	0.892857	24.1276	23.9718
68	2	0.88	0.872727	0.866667	0.892857	24.1035	24.0238
69	2	0.92	0.872727	0.866667	0.892857	24.0927	23.9619
70	2	0.94	0.872727	0.872727	0.892857	24.0696	23.9213
71	2	0.9	0.854545	0.872727	0.892857	24.0301	24.0015
72	2	0.98	0.872727	0.872727	0.892857	24.0154	23.7748
73	2	0.94	0.872727	0.872727	0.892857	23.9819	23.8261
74	2	0.94	0.854545	0.872727	0.892857	23.9613	23.8349
75	2	0.92	0.872727	0.872727	0.892857	23.9508	23.8553
76	2	0.92	0.872727	0.872727	0.892857	23.9207	23.8295
77	2	0.92	0.872727	0.872727	0.892857	23.8946	23.7845
78	2	0.94	0.872727	0.872727	0.892857	23.8731	23.8176
79	2	0.9	0.872727	0.872727	0.892857	23.8436	23.8046
80	2	0.88	0.872727	0.872727	0.892857	23.8239	23.8347
81	2	0.9	0.872727	0.872727	0.892857	23.8155	23.7625
82	2	0.96	0.872727	0.872727	0.892857	23.7927	23.6351
83	2	0.96	0.890909	0.878788	0.964286	23.7522	23.6479
84	2	0.92	0.909091	0.890909	0.946429	23.7354	23.6911
85	2	0.9	0.890909	0.89697	0.946429	23.7223	23.6653
86	2	0.9	0.872727	0.89697	0.946429	23.6945	23.6182
87	2	0.96	0.890909	0.89697	0.946429	23.6709	23.5453
88	2	0.94	0.890909	0.89697	0.946429	23.6494	23.5514
89	2	0.96	0.890909	0.89697	0.946429	23.6314	23.526
90	2	0.92	0.909091	0.89697	0.946429	23.6149	23.5297
91	2	0.9	0.890909	0.89697	0.946429	23.5919	23.4862
92	2	0.96	0.872727	0.89697	0.946429	23.5765	23.3927
93	2	0.96	0.890909	0.89697	0.946429	23.5438	23.4052
94	2	0.96	0.890909	0.89697	0.946429	23.5277	23.3767
95	2	0.96	0.909091	0.89697	0.946429	23.5041	23.4164
96	2	0.94	0.909091	0.90303	0.964286	23.4831	23.3968
97	2	1	0.890909	0.90303	0.964286	23.4675	23.2504
98	2	0.94	0.909091	0.90303	0.964286	23.4357	23.3065
99	2	0.92	0.909091	0.90303	0.964286	23.4102	23.4107
100	2	1	0.909091	0.909091	0.946429	23.3996	23.176
101	2	0.96	0.909091	0.909091	0.946429	23.3781	23.3085
102	2	0.98	0.927273	0.915152	0.964286	23.3465	23.2195
103	2	0.96	0.927273	0.921212	0.964286	23.33	23.1887
104	2	1	0.909091	0.921212	0.964286	23.3175	23.1526
105	2	0.96	0.927273	0.921212	0.964286	23.2906	23.2142
106	2	0.98	0.927273	0.921212	0.964286	23.2684	23.0716
107	2	0.94	0.927273	0.927273	0.964286	23.2525	23.1682
108	2	0.96	0.909091	0.927273	0.964286	23.2342	23.0892
109	2	0.96	0.927273	0.927273	0.964286	23.2097	23.1087
110	2	0.98	0.909091	0.927273	0.964286	23.1947	23.0452
111	2	0.96	0.909091	0.927273	0.964286	23.1863	23.1015
112	2	0.94	0.945455	0.927273	0.964286	23.1468	23.1131
113	2	0.94	0.945455	0.933333	0.964286	23.1262	23.0513
114	2	0.92	0.945455	0.945455	0.964286	23.11	22.9987
115	2	1	0.927273	0.945455	0.964286	23.0876	22.8764
116	2	0.96	0.927273	0.945455	0.964286	23.0666	22.9687
117	2	0.94	0.963636	0.945455	0.964286	23.0448	22.9326
118	2	0.96	0.963636	0.951515	0.964286	23.0258	22.9103
119	2	1	0.927273	0.951515	0.964286	23.0035	22.805
120	2	0.94	0.909091	0.951515	0.964286	22.9972	22.9392
121	2	0.96	0.945455	0.951515	0.964286	22.9764	22.8111
122	2	0.96	0.963636	0.951515	0.964286	22.9542	22.8601
123	2	0.98	0.963636	0.957576	0.982143	22.9222	22.8186
124	2	0.98	0.963636	0.963636	0.964286	22.9043	22.7619
125	2	0.98	0.945455	0.963636	0.964286	22.8976	22.7487
126	2	0.98	0.963636	0.963636	0.964286	22.8709	22.6884
127	2	1	0.963636	0.963636	0.964286	22.8501	22.734
128	2	1	0.945455	0.963636	0.964286	22.8267	22.6648
129	2	1	0.945455	0.963636	0.964286	22.8087	22.6456
130	2	0.96	0.945455	0.963636	0.964286	22.7888	22.6736
131	2	1	0.963636	0.963636	0.964286	22.7807	22.6214
132	2	0.98	0.963636	0.963636	0.964286	22.7522	22.6972
133	2	0.98	0.927273	0.963636	0.964286	22.7217	22.5685
134	2	0.98	0.945455	0.963636	0.964286	22.7041	22.5768
135	2	0.98	0.963636	0.963636	0.964286	22.6855	22.5326
136	2	1	0.963636	0.963636	0.964286	22.6625	22.5459
137	2	1	0.963636	0.963636	0.964286	22.6431	22.4663
138	2	0.98	0.963636	0.963636	0.964286	22.6247	22.5114
139	2	1	0.963636	0.963636	0.964286	22.607	22.4468
140	2	0.98	0.963636	0.963636	0.964286	22.5866	22.4281
141	2	0.96	0.963636	0.963636	0.964286	22.5705	22.4342
142	2	0.98	0.963636	0.963636	0.964286	22.555	22.4192
143	2	0.98	0.963636	0.963636	0.964286	22.5373	22.3665
144	2	0.96	0.963636	0.963636	0.964286	22.5115	22.4529
145	2	1	0.963636	0.963636	0.964286	22.4891	22.311
146	2	1	0.981818	0.969697	0.982143	22.4671	22.3205
147	2	1	0.963636	0.969697	0.982143	22.4575	22.2957
148	2	1	0.963636	0.969697	0.982143	22.4361	22.2384
149	2	0.98	0.981818	0.969697	0.982143	22.4148	22.3218
150	2	1	0.981818	0.975758	0.982143	22.402	22.2416
151	2	0.98	0.963636	0.975758	0.982143	22.3742	22.2274
152	2	1	0.963636	0.975758	0.982143	22.3553	22.2134
153	2	1	0.981818	0.975758	0.982143	22.3386	22.1824
154	2	1	0.963636	0.975758	0.982143	22.3202	22.1997
155	2	0.98	0.963636	0.975758	0.982143	22.2996	22.1612
156	2	1	0.963636	0.975758	0.982143	22.2805	22.1677
157	2	1	0.981818	0.975758	0.982143	22.2699	22.1166
158	2	1	0.963636	0.975758	0.982143	22.2562	22.113
159	2	1	0.963636	0.975758	0.982143	22.2245	22.0655
160	2	0.96	0.981818	0.975758	0.982143	22.2028	22.1254
161	2	0.96	0.981818	0.975758	0.982143	22.1856	22.1636
162	2	0.98	0.981818	0.981818	0.982143	22.173	22.0048
163	2	1	0.981818	0.981818	0.982143	22.1517	21.9615
164	2	1	0.981818	0.981818	0.982143	22.1317	22.0002
165	2	1	0.981818	0.981818	0.982143	22.1198	21.9557
166	2	0.98	0.981818	0.981818	0.982143	22.0983	21.9902
167	2	1	0.963636	0.981818	0.982143	22.073	21.8934
168	2	1	0.963636	0.981818	0.982143	22.0546	21.8898
169	2	0.98	0.981818	0.981818	0.982143	22.0453	21.9492
170	2	0.98	0.981818	0.981818	0.982143	22.027	21.8935
171	2	0.98	0.963636	0.981818	0.982143	22.0063	21.9052
172	2	1	0.981818	0.981818	0.982143	21.9845	21.7793
173	2	1	0.981818	0.981818	0.982143	21.9662	21.7874
174	2	0.98	0.963636	0.981818	0.982143	21.9541	21.799
175	2	1	0.963636	0.981818	0.982143	21.9385	21.7523
176	2	1	0.981818	0.981818	0.982143	21.9115	21.8028
177	2	0.98	0.981818	0.981818	0.982143	21.8987	21.7377
178	2	1	0.981818	0.981818	0.982143	21.8804	21.718
179	2	1	0.981818	0.981818	0.982143	21.8638	21.6679
180	2	1	0.981818	0.981818	0.982143	21.8417	21.6582
181	2	0.98	0.981818	0.981818	0.982143	21.8243	21.6693
182	2	0.98	0.981818	0.981818	0.982143	21.8093	21.7038
183	2	1	0.981818	0.981818	0.982143	21.7899	21.6086
184	2	1	0.981818	0.981818	0.982143	21.7744	21.6064
185	2	1	0.981818	0.981818	0.982143	21.7527	21.5935
186	2	0.98	0.981818	0.981818	0.982143	21.7327	21.5618
187	2	1	0.981818	0.981818	0.982143	21.7144	21.5521
188	2	1	0.963636	0.981818	0.982143	21.6952	21.4957
189	2	1	0.981818	0.981818	0.982143	21.6752	21.4894
190	2	0.98	0.981818	0.981818	0.982143	21.6595	21.551
191	2	1	0.981818	0.981818	0.982143	21.6485	21.4562
192	2	0.98	0.981818	0.981818	0.982143	21.6247	21.4538
193	2	1	0.981818	0.981818	0.982143	21.606	21.4464
194	2	1	0.981818	0.981818	0.982143	21.5942	21.3928
195	2	1	0.981818	0.981818	0.982143	21.5734	21.3697
196	2	1	0.981818	0.981818	0.982143	21.5514	21.3951
197	2	0.98	0.981818	0.981818	0.982143	21.5408	21.3966
198	2	0.98	0.981818	0.981818	0.982143	21.519	21.386
199	2	1	0.981818	0.981818	0.982143	21.496	21.3326
200	2	1	0.981818	0.981818	0.982143	21.4825	21.2966
201	2	0.96	0.981818	0.981818	0.982143	21.4624	21.365
202	2	1	0.981818	0.981818	0.982143	21.4454	21.2382
203	2	1	0.981818	0.981818	0.982143	21.432	21.257
204	2	0.98	0.981818	0.981818	0.982143	21.4093	21.2908
205	2	1	0.981818	0.981818	0.982143	21.3935	21.2032
206	2	0.98	0.981818	0.981818	0.982143	21.3759	21.2646
207	2	1	0.981818	0.981818	0.982143	21.3575	21.1865
208	2	1	0.981818	0.981818	0.982143	21.3377	21.1652
209	2	0.98	0.981818	0.981818	0.982143	21.3231	21.2054
210	2	1	0.981818	0.981818	0.982143	21.3076	21.1143
211	2	1	0.981818	0.981818	0.982143	21.2874	21.0965
212	2	1	0.981818	0.981818	0.982143	21.2678	21.1161
213	2	1	0.981818	0.981818	0.982143	21.2522	21.0666
214	2	1	0.981818	0.981818	0.982143	21.235	21.0319
215	2	1	0.981818	0.981818	0.982143	21.2146	21.0663
216	2	1	0.981818	0.981818	0.982143	21.2021	21.0262
217	2	1	0.981818	0.981818	0.982143	21.1825	20.9871
218	2	1	0.981818	0.981818	0.982143	21.1617	20.9802
219	2	1	0.981818	0.981818	0.982143	21.1455	20.9876
220	2	1	0.981818	0.981818	0.982143	21.1277	20.9704
221	2	1	0.981818	0.981818	0.982143	21.1126	20.9392
222	2	1	0.981818	0.981818	0.982143	21.0927	20.9298
223	2	0.98	0.981818	0.981818	0.982143	21.0754	20.9127
224	2	1	0.981818	0.981818	0.982143	21.0574	20.9015
225	2	1	0.981818	0.981818	0.982143	21.0471	20.8641
226	2	0.98	0.981818	0.981818	0.982143	21.0256	20.9372
227	2	1	0.981818	0.981818	0.982143	21.0064	20.8261
228	2	1	0.981818	0.981818	0.982143	20.9877	20.8166
229	2	1	0.981818	0.981818	0.982143	20.9752	20.7966
230	2	1	0.981818	0.981818	0.982143	20.9554	20.7819
231	2	1	0.981818	0.981818	0.982143	20.9405	20.7622
232	2	1	0.981818	0.981818	0.982143	20.9238	20.734
233	2	1	0.981818	0.981818	0.982143	20.9033	20.7172
234	2	1	0.981818	0.981818	0.982143	20.89	20.7209
235	2	1	0.981818	0.981818	0.982143	20.8693	20.7198
236	2	1	0.981818	0.981818	0.982143	20.8518	20.6561
237	2	1	0.981818	0.981818	0.982143	20.8335	20.6617
238	2	1	0.981818	0.981818	0.982143	20.8205	20.6343
239	2	1	0.981818	0.981818	0.982143	20.801	20.616
240	2	1	0.981818	0.981818	0.982143	20.7825	20.6074
241	2	1	0.981818	0.981818	0.982143	20.767	20.5885
242	2	1	0.981818	0.981818	0.982143	20.7484	20.5866
243	2	1	0.981818	0.981818	0.982143	20.7317	20.5542
244	2	1	0.981818	0.981818	0.982143	20.7183	20.5214
245	2	1	0.981818	0.981818	0.982143	20.7004	20.538
246	2	0.98	0.981818	0.981818	0.982143	20.6822	20.5547
247	2	1	0.981818	0.981818	0.982143	20.6644	20.4684
248	2	1	0.981818	0.981818	0.982143	20.648	20.4589
249	2	1	0.981818	0.981818	0.982143	20.6363	20.4653
250	2	1	0.981818	0.981818	0.982143	20.6153	20.4262
251	2	1	0.981818	0.981818	0.982143	20.5976	20.427
252	2	1	0.981818	0.981818	0.982143	20.5827	20.4335
253	2	1	0.981818	0.981818	0.982143	20.5679	20.3844
254	2	1	0.981818	0.981818	0.982143	20.5487	20.3681
255	2	1	0.981818	0.981818	0.982143	20.5317	20.3719
256	2	1	0.981818	0.981818	0.982143	20.5146	20.3297
257	2	0.98	0.981818	0.981818	0.982143	20.5013	20.3703
258	2	1	0.981818	0.981818	0.982143	20.483	20.3133
259	2	1	0.981818	0.981818	0.982143	20.4636	20.2894
260	2	1	0.981818	0.981818	0.982143	20.4492	20.2715
261	2	1	0.981818	0.981818	0.982143	20.4326	20.2369
262	2	1	0.981818	0.981818	0.982143	20.4153	20.2296
263	2	1	0.981818	0.981818	0.982143	20.4021	20.2243
264	2	1	0.981818	0.981818	0.982143	20.3899	20.233
265	2	1	0.981818	0.981818	0.982143	20.3671	20.1975
266	2	0.98	0.981818	0.981818	0.982143	20.3493	20.2146
267	2	1	0.981818	0.981818	0.982143	20.3389	20.1656
268	2	1	0.981818	0.981818	0.982143	20.3161	20.1419
269	2	1	0.981818	0.981818	0.982143	20.3	20.14
270	2	1	0.981818	0.981818	0.982143	20.2855	20.1064
271	2	1	0.981818	0.981818	0.982143	20.2688	20.0815
272	2	1	0.981818	0.981818	0.982143	20.2524	20.0767
273	2	1	0.981818	0.981818	0.982143	20.2341	20.0577
274	2	1	0.981818	0.981818	0.982143	20.2181	20.0478
275	2	1	0.981818	0.981818	0.982143	20.2069	20.0228
276	2	1	0.981818	0.981818	0.982143	20.1879	20.0101
277	2	1	0.981818	0.981818	0.982143	20.1722	19.9856
278	2	1	0.981818	0.981818	0.982143	20.1598	19.9702
279	2	1	0.981818	0.981818	0.982143	20.1435	19.9548
280	2	0.98	0.981818	0.981818	0.982143	20.1226	19.9878
281	2	1	0.981818	0.981818	0.982143	20.1074	19.9391
282	2	1	0.981818	0.981818	0.982143	20.0968	19.9224
283	2	0.98	0.981818	0.981818	0.982143	20.0821	19.9338
284	2	1	0.981818	0.981818	0.982143	20.0612	19.8722
285	2	0.98	0.981818	0.981818	0.982143	20.0474	19.9066
286	2	1	0.981818	0.981818	0.982143	20.0327	19.8374
287	2	1	0.981818	0.981818	0.982143	20.0176	19.8393
288	2	1	0.981818	0.981818	0.982143	20.0009	19.8079
289	2	1	0.981818	0.981818	0.982143	19.9802	19.7971
290	2	1	0.981818	0.981818	0.982143	19.9651	19.7878
291	2	1	0.981818	0.981818	0.982143	19.9499	19.7728
292	2	0.98	0.981818	0.981818	0.982143	19.9331	19.7864
293	2	1	0.981818	0.981818	0.982143	19.9186	19.734
294	2	1	0.981818	0.981818	0.982143	19.9081	19.7232
295	2	1	0.981818	0.981818	0.982143	19.8879	19.7031
296	2	0.98	0.981818	0.981818	0.982143	19.8719	19.7378
297	2	1	0.981818	0.981818	0.982143	19.8597	19.67
298	2	1	0.981818	0.981818	0.982143	19.8427	19.6672
299	2	1	0.981818	0.981818	0.982143	19.8259	19.6377
300	2	1	0.981818	0.981818	0.982143	19.8115	19.6315
301	2	1	0.981818	0.981818	0.982143	19.7977	19.6041
302	2	1	0.981818	0.981818	0.982143	19.7781	19.5898
303	2	1	0.981818	0.981818	0.982143	19.7623	19.5838
304	2	1	0.981818	0.981818	0.982143	19.7464	19.5603
305	2	1	0.981818	0.981818	0.982143	19.7334	19.5358
306	2	0.98	0.981818	0.981818	0.982143	19.7157	19.5685
307	2	1	0.981818	0.981818	0.982143	19.6969	19.5067
308	2	1	0.981818	0.981818	0.982143	19.681	19.488
309	2	1	0.981818	0.981818	0.982143	19.6705	19.4798
310	2	1	0.981818	0.981818	0.982143	19.6499	19.4782
311	2	1	0.981818	0.981818	0.982143	19.6353	19.4464
312	2	1	0.981818	0.981818	0.982143	19.623	19.4398
313	2	1	0.981818	0.981818	0.982143	19.6053	19.4081
314	2	1	0.981818	0.981818	0.982143	19.5873	19.3984
315	2	1	0.981818	0.981818	0.982143	19.571	19.3896
316	2	1	0.981818	0.981818	0.982143	19.555	19.369
317	2	1	0.981818	0.981818	0.982143	19.5417	19.3535
318	2	1	0.981818	0.981818	0.982143	19.5251	19.3304
319	2	1	0.981818	0.981818	0.982143	19.5075	19.3323
320	2	1	0.981818	0.981818	0.982143	19.4942	19.3149
321	2	1	0.981818	0.981818	0.982143	19.4823	19.2839
322	2	1	0.981818	0.981818	0.982143	19.4633	19.2737
323	2	1	0.981818	0.981818	0.982143	19.4454	19.2614
324	2	1	0.981818	0.981818	0.982143	19.4302	19.2522
325	2	1	0.981818	0.981818	0.982143	19.4181	19.2347
326	2	1	0.981818	0.981818	0.982143	19.3994	19.2157
327	2	0.98	0.981818	0.981818	0.982143	19.382	19.2364
328	2	1	0.981818	0.981818	0.982143	19.367	19.188
329	2	1	0.981818	0.981818	0.982143	19.3535	19.1752
330	2	1	0.981818	0.981818	0.982143	19.3449	19.1631
331	2	1	0.981818	0.981818	0.982143	19.3236	19.1482
332	2	1	0.981818	0.981818	0.982143	19.3067	19.1394
333	2	1	0.981818	0.981818	0.982143	19.2932	19.1119
334	2	0.98	0.981818	0.981818	0.982143	19.2773	19.1265
335	2	1	0.981818	0.981818	0.982143	19.2621	19.0732
336	2	1	0.981818	0.981818	0.982143	19.2468	19.0633
337	2	1	0.981818	0.981818	0.982143	19.2336	19.0445
338	2	1	0.981818	0.981818	0.982143	19.2163	19.0273
339	2	1	0.981818	0.981818	0.982143	19.2017	19.0261
340	2	1	0.981818	0.981818	0.982143	19.1874	18.9997
341	2	0.98	0.981818	0.981818	0.982143	19.1772	19.0099
342	2	0.98	0.981818	0.981818	0.982143	19.1647	18.998
343	2	1	0.981818	0.981818	0.982143	19.1458	18.9524
344	2	0.98	0.981818	0.981818	0.982143	19.1305	18.9715
345	2	1	0.981818	0.981818	0.982143	19.1164	18.9225
346	2	1	0.981818	0.981818	0.982143	19.102	18.9089
347	2	1	0.981818	0.981818	0.982143	19.0848	18.9077
348	2	1	0.981818	0.981818	0.982143	19.0708	18.8833
349	2	1	0.981818	0.981818	0.982143	19.0548	18.8573
350	2	1	0.981818	0.981818	0.982143	19.0394	18.8468
351	2	1	0.981818	0.981818	0.982143	19.023	18.8274
352	2	1	0.981818	0.981818	0.982143	19.0068	18.8201
353	2	0.98	0.981818	0.981818	0.982143	18.9943	18.8385
354	2	1	0.981818	0.981818	0.982143	18.98	18.789
355	2	1	0.981818	0.981818	0.982143	18.9669	18.7694
356	2	1	0.981818	0.981818	0.982143	18.9504	18.7628
357	2	0.98	0.981818	0.981818	0.982143	18.9377	18.7735
358	2	1	0.981818	0.981818	0.982143	18.9206	18.7295
359	2	1	0.981818	0.981818	0.982143	18.9069	18.7107
360	2	1	0.981818	0.981818	0.982143	18.8868	18.7
361	2	1	0.981818	0.981818	0.982143	18.8704	18.6858
362	2	1	0.981818	0.981818	0.982143	18.8564	18.6641
363	2	1	0.981818	0.981818	0.982143	18.8416	18.6477
364	2	1	0.981818	0.981818	0.982143	18.8286	18.6348
365	2	1	0.981818	0.981818	0.982143	18.8165	18.6323
366	2	0.98	0.981818	0.981818	0.982143	18.8018	18.6413
367	2	0.98	0.981818	0.981818	0.982143	18.7837	18.6187
368	2	1	0.981818	0.981818	0.982143	18.7669	18.574
369	2	1	0.981818	0.981818	0.982143	18.7519	18.5664
370	2	1	0.981818	0.981818	0.982143	18.7388	18.5496
371	2	1	0.981818	0.981818	0.982143	18.7255	18.5303
372	2	1	0.981818	0.981818	0.982143	18.7133	18.5176
373	2	0.98	0.981818	0.981818	0.982143	18.6989	18.5207
374	2	1	0.981818	0.981818	0.982143	18.6834	18.4892
375	2	1	0.981818	0.981818	0.982143	18.6682	18.4809
376	2	1	0.981818	0.981818	0.982143	18.6535	18.4602
377	2	1	0.981818	0.981818	0.982143	18.6423	18.4502
378	2	1	0.981818	0.981818	0.982143	18.629	18.4361
379	2	1	0.981818	0.981818	0.982143	18.6104	18.4152
380	2	1	0.981818	0.981818	0.982143	18.5923	18.3944
381	2	1	0.981818	0.981818	0.982143	18.5792	18.3867
382	2	1	0.981818	0.981818	0.982143	18.5685	18.3754
383	2	1	0.981818	0.981818	0.982143	18.5517	18.3532
384	2	1	0.981818	0.981818	0.982143	18.5361	18.3502
385	2	1	0.981818	0.981818	0.982143	18.5244	18.329
386	2	1	0.981818	0.981818	0.982143	18.5105	18.3103
387	2	1	0.981818	0.981818	0.982143	18.4937	18.2987
388	2	1	0.981818	0.981818	0.982143	18.477	18.2963
389	2	1	0.981818	0.981818	0.982143	18.4704	18.2673
390	2	1	0.981818	0.981818	0.982143	18.4546	18.2485
391	2	1	0.981818	0.981818	0.982143	18.4346	18.2365
392	2	0.98	0.981818	0.981818	0.982143	18.4221	18.2416
393	2	1	0.981818	0.981818	0.982143	18.4066	18.2059
394	2	1	0.981818	0.981818	0.982143	18.3945	18.1948
395	2	1	0.981818	0.981818	0.982143	18.3838	18.1771
396	2	1	0.981818	0.981818	0.982143	18.3663	18.1641
397	2	1	0.981818	0.981818	0.982143	18.3484	18.1559
398	2	1	0.981818	0.981818	0.982143	18.3334	18.1374
399	2	1	0.981818	0.981818	0.982143	18.3197	18.1295
400	2	1	0.981818	0.981818	0.982143	18.3053	18.1131
401	2	1	0.981818	0.981818	0.982143	18.2918	18.0988
402	2	1	0.981818	0.981818	0.982143	18.2793	18.0824
403	2	1	0.981818	0.981818	0.982143	18.262	18.0675
404	2	1	0.981818	0.981818	0.982143	18.2479	18.0547
405	2	1	0.981818	0.981818	0.982143	18.2329	18.0356
406	2	1	0.981818	0.981818	0.982143	18.2206	18.0203
407	2	1	0.981818	0.981818	0.982143	18.2042	18.0063
408	2	1	0.981818	0.981818	0.982143	18.1904	17.9925
409	2	1	0.981818	0.981818	0.982143	18.1755	17.979
410	2	1	0.981818	0.981818	0.982143	18.161	17.9673
411	2	1	0.981818	0.981818	0.982143	18.1499	17.9541
412	2	1	0.981818	0.981818	0.982143	18.1337	17.934
413	2	1	0.981818	0.981818	0.982143	18.1197	17.9244
414	2	1	0.981818	0.981818	0.982143	18.1073	17.9053
415	2	1	0.981818	0.981818	0.982143	18.0937	17.8945
416	2	1	0.981818	0.981818	0.982143	18.0785	17.8801
417	2	1	0.981818	0.981818	0.982143	18.0641	17.8702
418	2	1	0.981818	0.981818	0.982143	18.0477	17.8514
419	2	1	0.981818	0.981818	0.982143	18.031	17.8337
420	2	1	0.981818	0.981818	0.982143	18.0206	17.822
421	2	1	0.981818	0.981818	0.982143	18.0091	17.8088
422	2	1	0.981818	0.981818	0.982143	17.9949	17.7947
423	2	1	0.981818	0.981818	0.982143	17.9763	17.7915
424	2	1	0.981818	0.981818	0.982143	17.9646	17.7628
425	2	1	0.981818	0.981818	0.982143	17.9545	17.7488
426	2	1	0.981818	0.981818	0.982143	17.9381	17.7402
427	2	1	0.981818	0.981818	0.982143	17.9204	17.7258
428	2	1	0.981818	0.981818	0.982143	17.9091	17.7101
429	2	1	0.981818	0.981818	0.982143	17.8946	17.695
430	2	1	0.981818	0.981818	0.982143	17.8807	17.6783
431	2	1	0.981818	0.981818	0.982143	17.8668	17.6666
432	2	1	0.981818	0.981818	0.982143	17.8527	17.6585
433	2	1	0.981818	0.981818	0.982143	17.8368	17.6389
434	2	1	0.981818	0.981818	0.982143	17.8242	17.6236
435	2	1	0.981818	0.981818	0.982143	17.808	17.6101
436	2	1	0.981818	0.981818	0.982143	17.7937	17.6124
437	2	1	0.981818	0.981818	0.982143	17.7814	17.5819
438	2	1	0.981818	0.981818	0.982143	17.7638	17.5674
439	2	1	0.981818	0.981818	0.982143	17.7512	17.5573
440	2	1	0.981818	0.981818	0.982143	17.7343	17.5386
441	2	1	0.981818	0.981818	0.982143	17.7229	17.5279
442	2	1	0.981818	0.981818	0.982143	17.711	17.5178
443	2	1	0.981818	0.981818	0.982143	17.6989	17.5016
444	2	1	0.981818	0.981818	0.982143	17.6816	17.4935
445	2	1	0.981818	0.981818	0.982143	17.6665	17.472
446	2	1	0.981818	0.981818	0.982143	17.6525	17.4573
447	2	1	0.981818	0.981818	0.982143	17.6402	17.4418
448	2	1	0.981818	0.981818	0.982143	17.6294	17.4351
449	2	1	0.981818	0.981818	0.982143	17.6134	17.4312
450	2	1	0.981818	0.981818	0.982143	17.5998	17.4042
451	2	1	0.981818	0.981818	0.982143	17.5868	17.3908
452	2	1	0.981818	0.981818	0.982143	17.5744	17.3765
453	2	1	0.981818	0.981818	0.982143	17.5603	17.3612
454	2	1	0.981818	0.981818	0.982143	17.5449	17.3502
455	2	1	0.981818	0.981818	0.982143	17.5328	17.3367
456	2	1	0.981818	0.981818	0.982143	17.5168	17.3355
457	2	1	0.981818	0.981818	0.982143	17.5051	17.3137
458	2	1	0.981818	0.981818	0.982143	17.4915	17.3005
459	2	1	0.981818	0.981818	0.982143	17.4791	17.2805
460	2	1	0.981818	0.981818	0.982143	17.4634	17.2661
461	2	1	0.981818	0.981818	0.982143	17.4515	17.2497
462	2	1	0.981818	0.981818	0.982143	17.4365	17.2374
463	2	1	0.981818	0.981818	0.982143	17.4243	17.223
464	2	1	0.981818	0.981818	0.982143	17.4107	17.2118
465	2	1	0.981818	0.981818	0.982143	17.3975	17.1966
466	2	1	0.981818	0.981818	0.982143	17.383	17.1875
467	2	1	0.981818	0.981818	0.982143	17.3722	17.1729
468	2	1	0.981818	0.981818	0.982143	17.3574	17.168
469	2	1	0.981818	0.981818	0.982143	17.341	17.1505
470	2	1	0.981818	0.981818	0.982143	17.3293	17.1295
471	2	1	0.981818	0.981818	0.982143	17.3131	17.1154
472	2	1	0.981818	0.981818	0.982143	17.2986	17.1
473	2	1	0.981818	0.981818	0.982143	17.2879	17.0887
474	2	1	0.981818	0.981818	0.982143	17.2791	17.0828
475	2	1	0.981818	0.981818	0.982143	17.2617	17.0647
476	2	1	0.981818	0.981818	0.982143	17.2462	17.0474
477	2	1	0.981818	0.981818	0.982143	17.2353	17.0375
478	2	1	0.981818	0.981818	0.982143	17.2248	17.0208
479	2	1	0.981818	0.981818	0.982143	17.2069	17.0114
480	2	1	0.981818	0.981818	0.982143	17.1924	16.9926
481	2	1	0.981818	0.981818	0.982143	17.1815	16.9816
482	2	1	0.981818	0.981818	0.982143	17.1698	16.9685
483	2	1	0.981818	0.981818	0.982143	17.1538	16.9525
484	2	1	0.981818	0.981818	0.982143	17.1369	16.9415
485	2	1	0.981818	0.981818	0.982143	17.1242	16.9337
486	2	1	0.981818	0.981818	0.982143	17.1156	16.9115
487	2	1	0.981818	0.981818	0.982143	17.1018	16.902
488	2	1	0.981818	0.981818	0.982143	17.0892	16.8845
489	2	1	0.981818	0.981818	0.982143	17.0773	16.8741
490	2	1	0.981818	0.981818	0.982143	17.0627	16.8589
491	2	1	0.981818	0.981818	0.982143	17.0469	16.8437
492	2	1	0.981818	0.981818	0.982143	17.0346	16.8332
493	2	1	0.981818	0.981818	0.982143	17.024	16.8222
494	2	1	0.981818	0.981818	0.982143	17.0111	16.8083
495	2	1	0.981818	0.981818	0.982143	16.9959	16.7981
496	2	1	0.981818	0.981818	0.982143	16.983	16.7791
497	2	1	0.981818	0.981818	0.982143	16.971	16.7749
498	2	1	0.981818	0.981818	0.982143	16.956	16.752
499	2	1	0.981818	0.981818	0.982143	16.9441	16.7391
500	2	1	0.981818	0.981818	0.982143	16.9318	16.7271
501	2	1	0.981818	0.981818	0.982143	16.9181	16.7145
502	2	1	0.981818	0.981818	0.982143	16.9038	16.6987
503	2	1	0.981818	0.981818	0.982143	16.8906	16.6847
504	2	1	0.981818	0.981818	0.982143	16.8766	16.6756
505	2	1	0.981818	0.981818	0.982143	16.8648	16.6607
506	2	1	0.981818	0.981818	0.982143	16.8503	16.6494
507	2	1	0.981818	0.981818	0.982143	16.8343	16.6361
508	2	1	0.981818	0.981818	0.982143	16.8235	16.6203
509	2	1	0.981818	0.981818	0.982143	16.8115	16.6088
510	2	1	0.981818	0.981818	0.982143	16.7986	16.5967
511	2	1	0.981818	0.981818	0.982143	16.7862	16.5796
512	2	1	0.981818	0.981818	0.982143	16.7776	16.5723
513	2	1	0.981818	0.981818	0.982143	16.7621	16.5576
514	2	1	0.981818	0.981818	0.982143	16.7472	16.5401
515	2	1	0.981818	0.981818	0.982143	16.7329	16.5319
516	2	1	0.981818	0.981818	0.982143	16.719	16.5146
517	2	1	0.981818	0.981818	0.982143	16.7054	16.5034
518	2	1	0.981818	0.981818	0.982143	16.694	16.4901
519	2	1	0.981818	0.981818	0.982143	16.6808	16.4758
520	2	1	0.981818	0.981818	0.982143	16.6686	16.4653
521	2	1	0.981818	0.981818	0.982143	16.6552	16.4496
522	2	1	0.981818	0.981818	0.982143	16.641	16.4424
523	2	1	0.981818	0.981818	0.982143	16.6272	16.4256
524	2	1	0.981818	0.981818	0.982143	16.6136	16.4195
525	2	1	0.981818	0.981818	0.982143	16.6013	16.3984
526	2	1	0.981818	0.981818	0.982143	16.5892	16.3848
527	2	1	0.981818	0.981818	0.982143	16.5756	16.3737
528	2	1	0.981818	0.981818	0.982143	16.5669	16.3738
529	2	1	0.981818	0.981818	0.982143	16.5536	16.3477
530	2	1	0.981818	0.981818	0.982143	16.5369	16.3406
531	2	1	0.981818	0.981818	0.982143	16.5243	16.3231
532	2	1	0.981818	0.981818	0.982143	16.5152	16.3083
533	2	1	0.981818	0.981818	0.982143	16.5036	16.297
534	2	1	0.981818	0.981818	0.982143	16.4891	16.2839
535	2	1	0.981818	0.981818	0.982143	16.4759	16.268
536	2	1	0.981818	0.981818	0.982143	16.4616	16.2629
537	2	1	0.981818	0.981818	0.982143	16.4532	16.248
538	2	1	0.981818	0.981818	0.982143	16.4395	16.2307
539	2	1	0.981818	0.981818	0.982143	16.4267	16.2199
540	2	1	0.981818	0.981818	0.982143	16.4124	16.2117
541	2	1	0.981818	0.981818	0.982143	16.4011	16.1906
542	2	1	0.981818	0.981818	0.982143	16.3893	16.1829
543	2	1	0.981818	0.981818	0.982143	16.3758	16.1705
544	2	1	0.981818	0.981818	0.982143	16.3618	16.1526
545	2	1	0.981818	0.981818	0.982143	16.3498	16.1439
546	2	1	0.981818	0.981818	0.982143	16.3398	16.1301
547	2	1	0.981818	0.981818	0.982143	16.3264	16.1169
548	2	1	0.981818	0.981818	0.982143	16.3127	16.1051
549	2	1	0.981818	0.981818	0.982143	16.2986	16.0901
550	2	1	0.981818	0.981818	0.982143	16.2856	16.0772
551	2	1	0.981818	0.981818	0.982143	16.2783	16.0662
552	2	1	0.981818	0.981818	0.982143	16.2676	16.0521
553	2	1	0.981818	0.981818	0.982143	16.2507	16.0378
554	2	1	0.981818	0.981818	0.982143	16.2361	16.028
555	2	1	0.981818	0.981818	0.982143	16.2217	16.0142
556	2	1	0.981818	0.981818	0.982143	16.2073	16.002
557	2	1	0.981818	0.981818	0.982143	16.1974	15.9873
558	2	1	0.981818	0.981818	0.982143	16.1869	15.9746
559	2	1	0.981818	0.981818	0.982143	16.1755	15.9632
560	2	1	0.981818	0.981818	0.982143	16.159	15.95
561	2	1	0.981818	0.981818	0.982143	16.1441	15.9425
562	2	1	0.981818	0.981818	0.982143	16.1343	15.9266
563	2	1	0.981818	0.981818	0.982143	16.1239	15.9139
564	2	1	0.981818	0.981818	0.982143	16.1125	15.904
565	2	1	0.981818	0.981818	0.982143	16.1002	15.8885
566	2	1	0.981818	0.981818	0.982143	16.0863	15.8756
567	2	1	0.981818	0.981818	0.982143	16.0737	15.8638
568	2	1	0.981818	0.981818	0.982143	16.0621	15.8511
569	2	1	0.981818	0.981818	0.982143	16.0518	15.8371
570	2	1	0.981818	0.981818	0.982143	16.0398	15.8255
571	2	1	0.981818	0.981818	0.982143	16.0255	15.8104
572	2	1	0.981818	0.981818	0.982143	16.0099	15.8008
573	2	1	0.981818	0.981818	0.982143	15.9984	15.7861
574	2	1	0.981818	0.981818	0.982143	15.9885	15.7747
575	2	1	0.981818	0.981818	0.982143	15.9735	15.762
576	2	1	0.981818	0.981818	0.982143	15.9617	15.749
577	2	1	0.981818	0.981818	0.982143	15.9535	15.7377
578	2	1	0.981818	0.981818	0.982143	15.9383	15.7253
579	2	1	0.981818	0.981818	0.982143	15.9233	15.712
580	2	1	0.981818	0.981818	0.982143	15.912	15.6993
581	2	1	0.981818	0.981818	0.982143	15.9048	15.6868
582	2	1	0.981818	0.981818	0.982143	15.8891	15.6759
583	2	1	0.981818	0.981818	0.982143	15.8719	15.6639
584	2	1	0.981818	0.981818	0.982143	15.8589	15.6501
585	2	1	0.981818	0.981818	0.982143	15.8476	15.6397
586	2	1	0.981818	0.981818	0.982143	15.8385	15.626
587	2	1	0.981818	0.981818	0.982143	15.8247	15.6128
588	2	1	0.981818	0.981818	0.982143	15.812	15.6035
589	2	1	0.981818	0.981818	0.982143	15.7991	15.5868
590	2	1	0.981818	0.981818	0.982143	15.7901	15.5747
591	2	1	0.981818	0.981818	0.982143	15.7796	15.5644
592	2	1	0.981818	0.981818	0.982143	15.7674	15.5505
593	2	1	0.981818	0.981818	0.982143	15.7546	15.5375
594	2	1	0.981818	0.981818	0.982143	15.7436	15.5252
595	2	1	0.981818	0.981818	0.982143	15.7313	15.5127
596	2	1	0.981818	0.981818	0.982143	15.7192	15.5041
597	2	1	0.981818	0.981818	0.982143	15.7075	15.4897
598	2	1	0.981818	0.981818	0.982143	15.6988	15.4763
599	2	1	0.981818	0.981818	0.982143	15.6846	15.4636
600	2	1	0.981818	0.981818	0.982143	15.6704	15.4554
601	2	1	0.981818	0.981818	0.982143	15.6567	15.4402
602	2	1	0.981818	0.981818	0.982143	15.6442	15.4292
603	2	1	0.981818	0.981818	0.982143	15.6333	15.4138
604	2	1	0.981818	0.981818	0.982143	15.6208	15.4023
605	2	1	0.981818	0.981818	0.982143	15.6058	15.3938
606	2	1	0.981818	0.981818	0.982143	15.5945	15.3817
607	2	1	0.981818	0.981818	0.982143	15.5828	15.3666
608	2	1	0.981818	0.981818	0.982143	15.5724	15.3536
609	2	1	0.981818	0.981818	0.982143	15.561	15.341
610	2	1	0.981818	0.981818	0.982143	15.5477	15.3288
611	2	1	0.981818	0.981818	0.982143	15.535	15.3169
612	2	1	0.981818	0.981818	0.982143	15.5231	15.3047
613	2	1	0.981818	0.981818	0.982143	15.51	15.2919
614	2	1	0.981818	0.981818	0.982143	15.4975	15.2814
615	2	1	0.981818	0.981818	0.982143	15.4904	15.2683
616	2	1	0.981818	0.981818	0.982143	15.4758	15.2554
617	2	1	0.981818	0.981818	0.982143	15.4616	15.2458
618	2	1	0.981818	0.981818	0.982143	15.4515	15.2314
619	2	1	0.981818	0.981818	0.982143	15.4379	15.2186
620	2	1	0.981818	0.981818	0.982143	15.4274	15.2065
621	2	1	0.981818	0.981818	0.982143	15.4161	15.1968
622	2	1	0.981818	0.981818	0.982143	15.4025	15.1826
623	2	1	0.981818	0.981818	0.982143	15.3894	15.1743
624	2	1	0.981818	0.981818	0.982143	15.3792	15.1587
625	2	1	0.981818	0.981818	0.982143	15.3666	15.1486
626	2	1	0.981818	0.981818	0.982143	15.3512	15.1362
627	2	1	0.981818	0.981818	0.982143	15.343	15.1237
628	2	1	0.981818	0.981818	0.982143	15.328	15.1107
629	2	1	0.981818	0.981818	0.982143	15.3165	15.0991
630	2	1	0.981818	0.981818	0.982143	15.3031	15.0855
631	2	1	0.981818	0.981818	0.982143	15.29	15.0761
632	2	1	0.981818	0.981818	0.982143	15.2814	15.0618
633	2	1	0.981818	0.981818	0.982143	15.2679	15.0509
634	2	1	0.981818	0.981818	0.982143	15.2541	15.0381
635	2	1	0.981818	0.981818	0.982143	15.2431	15.0263
636	2	1	0.981818	0.981818	0.982143	15.2336	15.0139
637	2	1	0.981818	0.981818	0.982143	15.221	15.0024
638	2	1	0.981818	0.981818	0.982143	15.2101	14.9903
639	2	1	0.981818	0.981818	0.982143	15.1994	14.9773
640	2	1	0.981818	0.981818	0.982143	15.1877	14.9655
641	2	1	0.981818	0.981818	0.982143	15.175	14.9538
642	2	1	0.981818	0.981818	0.982143	15.16	14.9424
643	2	1	0.981818	0.981818	0.982143	15.1485	14.9296
644	2	1	0.981818	0.981818	0.982143	15.138	14.9179
645	2	1	0.981818	0.981818	0.982143	15.1285	14.9058
646	2	1	0.981818	0.981818	0.982143	15.111	14.8946
647	2	1	0.981818	0.981818	0.982143	15.099	14.8841
648	2	1	0.981818	0.981818	0.982143	15.089	14.8703
649	2	1	0.981818	0.981818	0.982143	15.0779	14.8571
650	2	1	0.981818	0.981818	0.982143	15.0647	14.8473
651	2	1	0.981818	0.981818	0.982143	15.0532	14.8342
652	2	1	0.981818	0.981818	0.982143	15.0419	14.8221
653	2	1	0.981818	0.981818	0.982143	15.0311	14.8106
654	2	1	0.981818	0.981818	0.982143	15.0182	14.7987
655	2	1	0.981818	0.981818	0.982143	15.0074	14.7873
656	2	1	0.981818	0.981818	0.982143	14.9927	14.7752
657	2	1	0.981818	0.981818	0.982143	14.9804	14.762
658	2	1	0.981818	0.981818	0.982143	14.971	14.7506
659	2	1	0.981818	0.981818	0.982143	14.9581	14.7388
660	2	1	0.981818	0.981818	0.982143	14.9445	14.7274
661	2	1	0.981818	0.981818	0.982143	14.9323	14.7149
662	2	1	0.981818	0.981818	0.982143	14.921	14.7025
663	2	1	0.981818	0.981818	0.982143	14.9105	14.6954
664	2	1	0.981818	0.981818	0.982143	14.8992	14.68
665	2	1	0.981818	0.981818	0.982143	14.8891	14.6692
666	2	1	0.981818	0.981818	0.982143	14.8724	14.6555
667	2	1	0.981818	0.981818	0.982143	14.8588	14.6457
668	2	1	0.981818	0.981818	0.982143	14.8479	14.6326
669	2	1	0.981818	0.981818	0.982143	14.8386	14.6213
670	2	1	0.981818	0.981818	0.982143	14.8294	14.6096
671	2	1	0.981818	0.981818	0.982143	14.8157	14.5974
672	2	1	0.981818	0.981818	0.982143	14.8001	14.5853
673	2	1	0.981818	0.981818	0.982143	14.7861	14.5757
674	2	1	0.981818	0.981818	0.982143	14.7746	14.563
675	2	1	0.981818	0.981818	0.982143	14.7668	14.5514
676	2	1	0.981818	0.981818	0.982143	14.7499	14.5381
677	2	1	0.981818	0.981818	0.982143	14.7369	14.528
678	2	1	0.981818	0.981818	0.982143	14.728	14.5162
679	2	1	0.981818	0.981818	0.982143	14.7179	14.5043
680	2	1	0.981818	0.981818	0.982143	14.7084	14.4906
681	2	1	0.981818	0.981818	0.982143	14.6964	14.4797
682	2	1	0.981818	0.981818	0.982143	14.6851	14.4691
683	2	1	0.981818	0.981818	0.982143	14.675	14.4577
684	2	1	0.981818	0.981818	0.982143	14.6644	14.445
685	2	1	0.981818	0.981818	0.982143	14.6539	14.4336
686	2	1	0.981818	0.981818	0.982143	14.6389	14.4219
687	2	1	0.981818	0.981818	0.982143	14.6268	14.409
688	2	1	0.981818	0.981818	0.982143	14.6183	14.3992
689	2	1	0.981818	0.981818	0.982143	14.6147	14.3896
690	2	1	0.981818	0.981818	0.982143	14.5977	14.3751
691	2	1	0.981818	0.981818	0.982143	14.5787	14.364
692	2	1	0.981818	0.981818	0.982143	14.5674	14.3511
693	2	1	0.981818	0.981818	0.982143	14.5603	14.3405
694	2	1	0.981818	0.981818	0.982143	14.5476	14.3281
695	2	1	0.981818	0.981818	0.982143	14.5335	14.3163
696	2	1	0.981818	0.981818	0.982143	14.5239	14.3047
697	2	1	0.981818	0.981818	0.982143	14.5173	14.2957
698	2	1	0.981818	0.981818	0.982143	14.5018	14.2817
699	2	1	0.981818	0.981818	0.982143	14.4897	14.2701
700	2	1	0.981818	0.981818	0.982143	14.4788	14.2585
701	2	1	0.981818	0.981818	0.982143	14.467	14.2474
702	2	1	0.981818	0.981818	0.982143	14.4578	14.2369
703	2	1	0.981818	0.981818	0.982143	14.4446	14.2241
704	2	1	0.981818	0.981818	0.982143	14.4284	14.213
705	2	1	0.981818	0.981818	0.982143	14.4197	14.2016
706	2	1	0.981818	0.981818	0.982143	14.4126	14.1891
707	2	1	0.981818	0.981818	0.982143	14.4032	14.1781
708	2	1	0.981818	0.981818	0.982143	14.3903	14.1665
709	2	1	0.981818	0.981818	0.982143	14.377	14.1551
710	2	1	0.981818	0.981818	0.982143	14.3667	14.1432
711	2	1	0.981818	0.981818	0.982143	14.3573	14.1317
712	2	1	0.981818	0.981818	0.982143	14.3473	14.1209
713	2	1	0.981818	0.981818	0.982143	14.3341	14.1084
714	2	1	0.981818	0.981818	0.982143	14.3218	14.098
715	2	1	0.981818	0.981818	0.982143	14.311	14.0866
716	2	1	0.981818	0.981818	0.982143	14.301	14.0745
717	2	1	0.981818	0.981818	0.982143	14.2905	14.0628
718	2	1	0.981818	0.981818	0.982143	14.2753	14.0516
719	2	1	0.981818	0.981818	0.982143	14.2609	14.0412
720	2	1	0.981818	0.981818	0.982143	14.2502	14.0282
721	2	1	0.981818	0.981818	0.982143	14.2415	14.0178
722	2	1	0.981818	0.981818	0.982143	14.2313	14.0055
723	2	1	0.981818	0.981818	0.982143	14.2182	13.9938
724	2	1	0.981818	0.981818	0.982143	14.2042	13.9833
725	2	1	0.981818	0.981818	0.982143	14.1927	13.9719
726	2	1	0.981818	0.981818	0.982143	14.1841	13.9594
727	2	1	0.981818	0.981818	0.982143	14.1751	13.9501
728	2	1	0.981818	0.981818	0.982143	14.1612	13.9363
729	2	1	0.981818	0.981818	0.982143	14.1471	13.925
730	2	1	0.981818	0.981818	0.982143	14.1372	13.9138
731	2	1	0.981818	0.981818	0.982143	14.1274	13.9024
732	2	1	0.981818	0.981818	0.982143	14.1129	13.8911
733	2	1	0.981818	0.981818	0.982143	14.1005	13.8805
734	2	1	0.981818	0.981818	0.982143	14.0904	13.8691
735	2	1	0.981818	0.981818	0.982143	14.0789	13.8579
736	2	1	0.981818	0.981818	0.982143	14.0685	13.8463
737	2	1	0.981818	0.981818	0.982143	14.0575	13.8341
738	2	1	0.981818	0.981818	0.982143	14.0461	13.8228
739	2	1	0.981818	0.981818	0.982143	14.0357	13.8118
740	2	1	0.981818	0.981818	0.982143	14.027	13.8002
741	2	1	0.981818	0.981818	0.982143	14.0112	13.7885
742	2	1	0.981818	0.981818	0.982143	13.9998	13.7776
743	2	1	0.981818	0.981818	0.982143	13.9922	13.7659
744	2	1	0.981818	0.981818	0.982143	13.9806	13.7548
745	2	1	0.981818	0.981818	0.982143	13.9659	13.7434
746	2	1	0.981818	0.981818	0.982143	13.9538	13.7329
747	2	1	0.981818	0.981818	0.982143	13.9419	13.7214
748	2	1	0.981818	0.981818	0.982143	13.93	13.7101
749	2	1	0.981818	0.981818	0.982143	13.9172	13.6987
750	2	1	0.981818	0.981818	0.982143	13.9057	13.6877
751	2	1	0.981818	0.981818	0.982143	13.8978	13.6755
752	2	1	0.981818	0.981818	0.982143	13.8871	13.6648
753	2	1	0.981818	0.981818	0.982143	13.8704	13.6534
754	2	1	0.981818	0.981818	0.982143	13.8601	13.6415
755	2	1	0.981818	0.981818	0.982143	13.8519	13.6303
756	2	1	0.981818	0.981818	0.982143	13.8426	13.6198
757	2	1	0.981818	0.981818	0.982143	13.8314	13.608
758	2	1	0.981818	0.981818	0.982143	13.8226	13.5972
759	2	1	0.981818	0.981818	0.982143	13.8143	13.5872
760	2	1	0.981818	0.981818	0.982143	13.8015	13.5755
761	2	1	0.981818	0.981818	0.982143	13.7899	13.5638
762	2	1	0.981818	0.981818	0.982143	13.7814	13.5527
763	2	1	0.981818	0.981818	0.982143	13.7676	13.5413
764	2	1	0.981818	0.981818	0.982143	13.7575	13.5295
765	2	1	0.981818	0.981818	0.982143	13.7482	13.5187
766	2	1	0.981818	0.981818	0.982143	13.7359	13.508
767	2	1	0.981818	0.981818	0.982143	13.7248	13.4957
768	2	1	0.981818	0.981818	0.982143	13.7106	13.4851
769	2	1	0.981818	0.981818	0.982143	13.7011	13.4735
770	2	1	0.981818	0.981818	0.982143	13.6922	13.4622
771	2	1	0.981818	0.981818	0.982143	13.6781	13.4515
772	2	1	0.981818	0.981818	0.982143	13.6654	13.4401
773	2	1	0.981818	0.981818	0.982143	13.6562	13.4285
774	2	1	0.981818	0.981818	0.982143	13.6456	13.4177
775	2	1	0.981818	0.981818	0.982143	13.6351	13.4068
776	2	1	0.981818	0.981818	0.982143	13.6254	13.395
777	2	1	0.981818	0.981818	0.982143	13.6144	13.3846
778	2	1	0.981818	0.981818	0.982143	13.604	13.3726
779	2	1	0.981818	0.981818	0.982143	13.5927	13.362
780	2	1	0.981818	0.981818	0.982143	13.5808	13.3504
781	2	1	0.981818	0.981818	0.982143	13.5698	13.3401
782	2	1	0.981818	0.981818	0.982143	13.5569	13.3282
783	2	1	0.981818	0.981818	0.982143	13.5478	13.3172
784	2	1	0.981818	0.981818	0.982143	13.5355	13.3063
785	2	1	0.981818	0.981818	0.982143	13.5254	13.2951
786	2	1	0.981818	0.981818	0.982143	13.5139	13.2841
787	2	1	0.981818	0.981818	0.982143	13.5031	13.2731
788	2	1	0.981818	0.981818	0.982143	13.4919	13.2618
789	2	1	0.981818	0.981818	0.982143	13.4825	13.2505
790	2	1	0.981818	0.981818	0.982143	13.4702	13.2402
791	2	1	0.981818	0.981818	0.982143	13.4622	13.2288
792	2	1	0.981818	0.981818	0.982143	13.4498	13.2178
793	2	1	0.981818	0.981818	0.982143	13.4383	13.2066
794	2	1	0.981818	0.981818	0.982143	13.428	13.195
795	2	1	0.981818	0.981818	0.982143	13.416	13.185
796	2	1	0.981818	0.981818	0.982143	13.4029	13.1731
797	2	1	0.981818	0.981818	0.982143	13.3923	13.1629
798	2	1	0.981818	0.981818	0.982143	13.3825	13.151
799	2	1	0.981818	0.981818	0.982143	13.3735	13.1399
800	2	1	0.981818	0.981818	0.982143	13.3634	13.1291
801	2	1	0.981818	0.981818	0.982143	13.3559	13.118
802	2	1	0.981818	0.981818	0.982143	13.3439	13.1077
803	2	1	0.981818	0.981818	0.982143	13.3285	13.0969
804	2	1	0.981818	0.981818	0.982143	13.3177	13.086
805	2	1	0.981818	0.981818	0.982143	13.3107	13.0741
806	2	1	0.981818	0.981818	0.982143	13.2989	13.0639
807	2	1	0.981818	0.981818	0.982143	13.2869	13.052
808	2	1	0.981818	0.981818	0.982143	13.2734	13.0409
809	2	1	0.981818	0.981818	0.982143	13.2625	13.0299
810	2	1	0.981818	0.981818	0.982143	13.2534	13.0189
811	2	1	0.981818	0.981818	0.982143	13.243	13.0081
812	2	1	0.981818	0.981818	0.982143	13.2296	12.9978
813	2	1	0.981818	0.981818	0.982143	13.2208	12.9861
814	2	1	0.981818	0.981818	0.982143	13.216	12.9759
815	2	1	0.981818	0.981818	0.982143	13.2039	12.9645
816	2	1	0.981818	0.981818	0.982143	13.1901	12.9541
817	2	1	0.981818	0.981818	0.982143	13.1806	12.9432
818	2	1	0.981818	0.981818	0.982143	13.1709	12.9333
819	2	1	0.981818	0.981818	0.982143	13.1588	12.9211
820	2	1	0.981818	0.981818	0.982143	13.146	12.9098
821	2	1	0.981818	0.981818	0.982143	13.1333	12.8996
822	2	1	0.981818	0.981818	0.982143	13.123	12.888
823	2	1	0.981818	0.981818	0.982143	13.1157	12.8771
824	2	1	0.981818	0.981818	0.982143	13.1079	12.8658
825	2	1	0.981818	0.981818	0.982143	13.0951	12.8553
826	2	1	0.981818	0.981818	0.982143	13.0804	12.8447
827	2	1	0.981818	0.981818	0.982143	13.0688	12.8333
828	2	1	0.981818	0.981818	0.982143	13.0615	12.8228
829	2	1	0.981818	0.981818	0.982143	13.057	12.8118
830	2	1	0.981818	0.981818	0.982143	13.0401	12.8008
831	2	1	0.981818	0.981818	0.982143	13.027	12.7907
832	2	1	0.981818	0.981818	0.982143	13.016	12.7796
833	2	1	0.981818	0.981818	0.982143	13.0086	12.7694
834	2	1	0.981818	0.981818	0.982143	12.9934	12.7577
835	2	1	0.981818	0.981818	0.982143	12.9811	12.7467
836	2	1	0.981818	0.981818	0.982143	12.9741	12.7367
837	2	1	0.981818	0.981818	0.982143	12.9668	12.7253
838	2	1	0.981818	0.981818	0.982143	12.9573	12.7146
839	2	1	0.981818	0.981818	0.982143	12.9431	12.7036
840	2	1	0.981818	0.981818	0.982143	12.9311	12.6927
841	2	1	0.981818	0.981818	0.982143	12.9217	12.682
842	2	1	0.981818	0.981818	0.982143	12.9104	12.6713
843	2	1	0.981818	0.981818	0.982143	12.8994	12.661
844	2	1	0.981818	0.981818	0.982143	12.8857	12.6502
845	2	1	0.981818	0.981818	0.982143	12.8747	12.6393
846	2	1	0.981818	0.981818	0.982143	12.8637	12.6287
847	2	1	0.981818	0.981818	0.982143	12.8539	12.6177
848	2	1	0.981818	0.981818	0.982143	12.8441	12.6075
849	2	1	0.981818	0.981818	0.982143	12.8344	12.5964
850	2	1	0.981818	0.981818	0.982143	12.8244	12.5858
851	2	1	0.981818	0.981818	0.982143	12.8087	12.575
852	2	1	0.981818	0.981818	0.982143	12.8006	12.5647
853	2	1	0.981818	0.981818	0.982143	12.7926	12.5536
854	2	1	0.981818	0.981818	0.982143	12.7811	12.5431
855	2	1	0.981818	0.981818	0.982143	12.7717	12.5322
856	2	1	0.981818	0.981818	0.982143	12.759	12.5227
857	2	1	0.981818	0.981818	0.982143	12.7477	12.5111
858	2	1	0.981818	0.981818	0.982143	12.7353	12.5011
859	2	1	0.981818	0.981818	0.982143	12.7297	12.4903
860	2	1	0.981818	0.981818	0.982143	12.7175	12.4795
861	2	1	0.981818	0.981818	0.982143	12.7047	12.4689
862	2	1	0.981818	0.981818	0.982143	12.6943	12.4583
863	2	1	0.981818	0.981818	0.982143	12.684	12.4475
864	2	1	0.981818	0.981818	0.982143	12.673	12.4366
865	2	1	0.981818	0.981818	0.982143	12.6628	12.4261
866	2	1	0.981818	0.981818	0.982143	12.6519	12.4156
867	2	1	0.981818	0.981818	0.982143	12.6423	12.4049
868	2	1	0.981818	0.981818	0.982143	12.6332	12.3944
869	2	1	0.981818	0.981818	0.982143	12.622	12.3836
870	2	1	0.981818	0.981818	0.982143	12.6113	12.3732
871	2	1	0.981818	0.981818	0.982143	12.6009	12.3629
872	2	1	0.981818	0.981818	0.982143	12.5887	12.3521
873	2	1	0.981818	0.981818	0.982143	12.5764	12.3415
874	2	1	0.981818	0.981818	0.982143	12.5636	12.3307
875	2	1	0.981818	0.981818	0.982143	12.5553	12.3205
876	2	1	0.981818	0.981818	0.982143	12.5465	12.3098
877	2	1	0.981818	0.981818	0.982143	12.5366	12.2993
878	2	1	0.981818	0.981818	0.982143	12.527	12.2888
879	2	1	0.981818	0.981818	0.982143	12.5169	12.2783
880	2	1	0.981818	0.981818	0.982143	12.5055	12.2676
881	2	1	0.981818	0.981818	0.982143	12.4937	12.2571
882	2	1	0.981818	0.981818	0.982143	12.4822	12.2466
883	2	1	0.981818	0.981818	0.982143	12.4712	12.2361
884	2	1	0.981818	0.981818	0.982143	12.4594	12.2256
885	2	1	0.981818	0.981818	0.982143	12.4469	12.2155
886	2	1	0.981818	0.981818	0.982143	12.4332	12.2055
887	2	1	0.981818	0.981818	0.982143	12.4245	12.1941
888	2	1	0.981818	0.981818	0.982143	12.4205	12.1846
889	2	1	0.981818	0.981818	0.982143	12.4074	12.1737
890	2	1	0.981818	0.981818	0.982143	12.395	12.1632
891	2	1	0.981818	0.981818	0.982143	12.3871	12.153
892	2	1	0.981818	0.981818	0.982143	12.3776	12.1421
893	2	1	0.981818	0.981818	0.982143	12.3661	12.132
894	2	1	0.981818	0.981818	0.982143	12.3576	12.121
895	2	1	0.981818	0.981818	0.982143	12.3477	12.1105
896	2	1	0.981818	0.981818	0.982143	12.3352	12.1005
897	2	1	0.981818	0.981818	0.982143	12.3303	12.0899
898	2	1	0.981818	0.981818	0.982143	12.3148	12.0798
899	2	1	0.981818	0.981818	0.982143	12.2972	12.0693
900	2	1	0.981818	0.981818	0.982143	12.2874	12.0588
901	2	1	0.981818	0.981818	0.982143	12.2811	12.0482
902	2	1	0.981818	0.981818	0.982143	12.2698	12.0379
903	2	1	0.981818	0.981818	0.982143	12.2602	12.028
904	2	1	0.981818	0.981818	0.982143	12.2515	12.017
905	2	1	0.981818	0.981818	0.982143	12.2439	12.0068
906	2	1	0.981818	0.981818	0.982143	12.2311	11.9964
907	2	1	0.981818	0.981818	0.982143	12.2161	11.9863
908	2	1	0.981818	0.981818	0.982143	12.2048	11.9762
909	2	1	0.981818	0.981818	0.982143	12.2033	11.9654
910	2	1	0.981818	0.981818	0.982143	12.1885	11.9549
911	2	1	0.981818	0.981818	0.982143	12.1742	11.9445
912	2	1	0.981818	0.981818	0.982143	12.1679	11.9342
913	2	1	0.981818	0.981818	0.982143	12.1608	11.9238
914	2	1	0.981818	0.981818	0.982143	12.1472	11.9133
915	2	1	0.981818	0.981818	0.982143	12.1357	11.9037
916	2	1	0.981818	0.981818	0.982143	12.1284	11.8934
917	2	1	0.981818	0.981818	0.982143	12.1204	11.8823
918	2	1	0.981818	0.981818	0.982143	12.1106	11.872
919	2	1	0.981818	0.981818	0.982143	12.0998	11.8619
920	2	1	0.981818	0.981818	0.982143	12.0849	11.8513
921	2	1	0.981818	0.981818	0.982143	12.0742	11.8425
922	2	1	0.981818	0.981818	0.982143	12.0651	11.8312
923	2	1	0.981818	0.981818	0.982143	12.0565	11.8208
924	2	1	0.981818	0.981818	0.982143	12.0471	11.81
925	2	1	0.981818	0.981818	0.982143	12.0368	11.7998
926	2	1	0.981818	0.981818	0.982143	12.0249	11.7895
927	2	1	0.981818	0.981818	0.982143	12.0148	11.7792
928	2	1	0.981818	0.981818	0.982143	12.0054	11.769
929	2	1	0.981818	0.981818	0.982143	11.9962	11.7587
930	2	1	0.981818	0.981818	0.982143	11.9862	11.7485
931	2	1	0.981818	0.981818	0.982143	11.9749	11.7381
932	2	1	0.981818	0.981818	0.982143	11.9614	11.728
933	2	1	0.981818	0.981818	0.982143	11.9516	11.7176
934	2	1	0.981818	0.981818	0.982143	11.9391	11.7073
935	2	1	0.981818	0.981818	0.982143	11.9271	11.6971
936	2	1	0.981818	0.981818	0.982143	11.9165	11.6867
937	2	1	0.981818	0.981818	0.982143	11.9066	11.6764
938	2	1	0.981818	0.981818	0.982143	11.8986	11.6675
939	2	1	0.981818	0.981818	0.982143	11.8885	11.6568
940	2	1	0.981818	0.981818	0.982143	11.8759	11.6462
941	2	1	0.981818	0.981818	0.982143	11.8676	11.6359
942	2	1	0.981818	0.981818	0.982143	11.8562	11.6263
943	2	1	0.981818	0.981818	0.982143	11.8444	11.6159
944	2	1	0.981818	0.981818	0.982143	11.8348	11.6057
945	2	1	0.981818	0.981818	0.982143	11.8241	11.5956
946	2	1	0.981818	0.981818	0.982143	11.8121	11.5851
947	2	1	0.981818	0.981818	0.982143	11.8011	11.5751
948	2	1	0.981818	0.981818	0.982143	11.7899	11.565
949	2	1	0.981818	0.981818	0.982143	11.7813	11.555
950	2	1	0.981818	0.981818	0.982143	11.7721	11.5448
951	2	1	0.981818	0.981818	0.982143	11.7647	11.5346
952	2	1	0.981818	0.981818	0.982143	11.7553	11.5246
953	2	1	0.981818	0.981818	0.982143	11.7423	11.5143
954	2	1	0.981818	0.981818	0.982143	11.7327	11.5047
955	2	1	0.981818	0.981818	0.982143	11.7267	11.4944
956	2	1	0.981818	0.981818	0.982143	11.7224	11.4843
957	2	1	0.981818	0.981818	0.982143	11.7003	11.4752
958	2	1	0.981818	0.981818	0.982143	11.6857	11.4648
959	2	1	0.981818	0.981818	0.982143	11.6819	11.4545
960	2	1	0.981818	0.981818	0.982143	11.6788	11.4448
961	2	1	0.981818	0.981818	0.982143	11.6677	11.434
962	2	1	0.981818	0.981818	0.982143	11.6527	11.4244
963	2	1	0.981818	0.981818	0.982143	11.6446	11.4141
964	2	1	0.981818	0.981818	0.982143	11.6347	11.4044
965	2	1	0.981818	0.981818	0.982143	11.6234	11.3941
966	2	1	0.981818	0.981818	0.982143	11.6143	11.3841
967	2	1	0.981818	0.981818	0.982143	11.6047	11.3739
968	2	1	0.981818	0.981818	0.982143	11.5962	11.364
969	2	1	0.981818	0.981818	0.982143	11.5848	11.3539
970	2	1	0.981818	0.981818	0.982143	11.5745	11.3439
971	2	1	0.981818	0.981818	0.982143	11.5659	11.3338
972	2	1	0.981818	0.981818	0.982143	11.5583	11.3243
973	2	1	0.981818	0.981818	0.982143	11.5447	11.3141
974	2	1	0.981818	0.981818	0.982143	11.5337	11.3039
975	2	1	0.981818	0.981818	0.982143	11.5229	11.2941
976	2	1	0.981818	0.981818	0.982143	11.5114	11.2841
977	2	1	0.981818	0.981818	0.982143	11.5025	11.2739
978	2	1	0.981818	0.981818	0.982143	11.4954	11.2639
979	2	1	0.981818	0.981818	0.982143	11.487	11.2541
980	2	1	0.981818	0.981818	0.982143	11.4783	11.2439
981	2	1	0.981818	0.981818	0.982143	11.4686	11.2339
982	2	1	0.981818	0.981818	0.982143	11.4574	11.224
983	2	1	0.981818	0.981818	0.982143	11.4464	11.2141
984	2	1	0.981818	0.981818	0.982143	11.4353	11.2042
985	2	1	0.981818	0.981818	0.982143	11.4252	11.1943
986	2	1	0.981818	0.981818	0.982143	11.4164	11.1841
987	2	1	0.981818	0.981818	0.982143	11.4067	11.1742
988	2	1	0.981818	0.981818	0.982143	11.3963	11.1645
989	2	1	0.981818	0.981818	0.982143	11.386	11.1542
990	2	1	0.981818	0.981818	0.982143	11.3746	11.1442
991	2	1	0.981818	0.981818	0.982143	11.3661	11.1345
992	2	1	0.981818	0.981818	0.982143	11.3563	11.1245
993	2	1	0.981818	0.981818	0.982143	11.3496	11.1145
994	2	1	0.981818	0.981818	0.982143	11.3436	11.1046
995	2	1	0.981818	0.981818	0.982143	11.3345	11.0947
996	2	1	0.981818	0.981818	0.982143	11.3183	11.0848
997	2	1	0.981818	0.981818	0.982143	11.3083	11.0748
998	2	1	0.981818	0.981818	0.982143	11.3012	11.0648
999	2	1	0.981818	0.981818	0.982143	11.2912	11.0548
