0	4	0.06	0.109091	0.0363636	0.125	29.1781	29.2729
1	4	0.24	0.272727	0.127273	0.285714	27.7174	27.8241
2	4	0.34	0.363636	0.248485	0.375	27.5441	27.9204
3	4	0.48	0.527273	0.387879	0.482143	27.3972	26.9656
4	4	0.58	0.509091	0.466667	0.446429	27.1893	26.6025
5	4	0.52	0.490909	0.509091	0.446429	27.0012	26.6516
6	4	0.36	0.490909	0.509091	0.446429	26.795	27.1023
7	4	0.54	0.545455	0.509091	0.5	26.6461	26.4424
8	4	0.64	0.654545	0.563636	0.589286	26.5408	26.6176
9	4	0.58	0.654545	0.618182	0.571429	26.4166	26.7137
10	4	0.62	0.490909	0.618182	0.571429	26.4253	26.0406
11	4	0.46	0.490909	0.618182	0.571429	26.2842	26.3709
12	4	0.58	0.636364	0.618182	0.571429	26.0482	26.0759
13	4	0.64	0.654545	0.618182	0.571429	25.9331	25.953
14	4	0.68	0.618182	0.636364	0.607143	25.8693	25.7911
15	4	0.74	0.727273	0.666667	0.660714	25.7756	25.6425
16	4	0.66	0.654545	0.666667	0.660714	25.7347	25.656
17	4	0.7	0.636364	0.672727	0.660714	25.6719	25.7243
18	4	0.7	0.727273	0.672727	0.660714	25.6069	25.5645
19	4	0.78	0.745455	0.70303	0.732143	25.5648	25.354
20	4	0.74	0.781818	0.751515	0.785714	25.5287	25.4679
21	4	0.68	0.763636	0.763636	0.732143	25.5076	25.6345
22	4	0.8	0.763636	0.769697	0.785714	25.4107	25.3571
23	4	0.72	0.8	0.775758	0.803571	25.3351	25.4235
24	4	0.88	0.8	0.787879	0.803571	25.2938	25.118
25	4	0.76	0.8	0.8	0.803571	25.249	25.1853
26	4	0.74	0.8	0.8	0.803571	25.2097	25.2064
27	4	0.84	0.781818	0.8	0.803571	25.1784	25.0953
28	4	0.84	0.8	0.8	0.803571	25.1331	24.9968
29	4	0.76	0.8	0.8	0.803571	25.1124	25.104
30	4	0.8	0.781818	0.8	0.803571	25.0753	25.0986
31	4	0.8	0.836364	0.806061	0.892857	25.0355	25.0793
32	4	0.9	0.818182	0.812121	0.875	25.0036	24.8667
33	4	0.9	0.818182	0.824242	0.839286	24.9724	24.8029
34	4	0.84	0.8	0.824242	0.839286	24.9417	24.8735
35	4	0.76	0.781818	0.824242	0.839286	24.9209	24.85
36	4	0.8	0.836364	0.824242	0.839286	24.8622	24.91
37	4	0.88	0.872727	0.830303	0.910714	24.8155	24.7484
38	4	0.9	0.836364	0.848485	0.910714	24.7985	24.6983
39	4	0.9	0.854545	0.854545	0.910714	24.7634	24.7134
40	4	0.94	0.872727	0.854545	0.910714	24.7241	24.6908
41	4	0.78	0.854545	0.860606	0.910714	24.6977	24.7178
42	4	0.94	0.836364	0.860606	0.910714	24.6784	24.5021
43	4	0.8	0.836364	0.860606	0.910714	24.6491	24.7022
44	4	0.9	0.854545	0.860606	0.910714	24.6171	24.6207
45	4	0.94	0.854545	0.860606	0.910714	24.5726	24.5003
46	4	0.94	0.927273	0.878788	0.910714	24.5433	24.4021
47	4	0.88	0.890909	0.890909	0.910714	24.5227	24.4743
48	4	0.92	0.890909	0.90303	0.910714	24.493	24.4528
49	4	0.94	0.909091	0.90303	0.910714	24.4613	24.4149
50	4	0.92	0.909091	0.90303	0.946429	24.4341	24.4048
51	4	0.94	0.909091	0.909091	0.910714	24.4079	24.4924
52	4	0.92	0.854545	0.909091	0.910714	24.3873	24.2944
53	4	0.86	0.945455	0.909091	0.910714	24.3463	24.4237
54	4	0.98	0.927273	0.909091	0.910714	24.3204	24.1996
55	4	0.92	0.890909	0.921212	0.910714	24.3063	24.2874
56	4	0.92	0.890909	0.921212	0.910714	24.2749	24.2625
57	4	0.92	0.909091	0.921212	0.910714	24.2461	24.275
58	4	0.98	0.909091	0.921212	0.910714	24.2289	24.0688
59	4	0.94	0.909091	0.921212	0.910714	24.2051	24.1227
60	4	0.9	0.909091	0.921212	0.910714	24.1773	24.1575
61	4	0.9	0.909091	0.921212	0.910714	24.1531	24.1129
62	4	0.9	0.909091	0.921212	0.910714	24.1267	24.1548
63	4	0.9	0.909091	0.921212	0.910714	24.1035	24.1142
64	4	0.96	0.927273	0.921212	0.910714	24.0822	24.0959
65	4	0.84	0.909091	0.921212	0.910714	24.0551	24.1558
66	4	0.94	0.945455	0.927273	0.946429	24.0236	24.0811
67	4	0.96	0.945455	0.933333	0.946429	23.9928	24.039
68	4	0.94	0.945455	0.945455	0.946429	23.9688	23.9499
69	4	0.98	0.927273	0.945455	0.946429	23.9461	23.8439
70	4	0.94	0.927273	0.945455	0.946429	23.9182	23.8981
71	4	0.98	0.927273	0.945455	0.946429	23.8965	23.8687
72	4	0.94	0.945455	0.945455	0.946429	23.8787	23.8335
73	4	0.94	0.927273	0.945455	0.946429	23.8552	23.8547
74	4	0.96	0.945455	0.945455	0.946429	23.8298	23.7828
75	4	0.98	0.963636	0.945455	0.946429	23.8058	23.7998
76	4	0.96	0.945455	0.951515	0.964286	23.7817	23.7693
77	4	0.98	0.945455	0.951515	0.964286	23.7539	23.7542
78	4	0.92	0.945455	0.951515	0.964286	23.7346	23.7257
79	4	0.92	0.945455	0.951515	0.964286	23.7114	23.707
80	4	0.96	0.963636	0.951515	0.964286	23.6907	23.6944
81	4	0.96	0.963636	0.957576	0.964286	23.6716	23.6068
82	4	1	0.963636	0.963636	0.964286	23.6437	23.6015
83	4	0.98	0.945455	0.963636	0.964286	23.6167	23.5762
84	4	0.96	0.945455	0.963636	0.964286	23.5989	23.6161
85	4	0.96	0.963636	0.963636	0.964286	23.5716	23.5829
86	4	0.96	0.963636	0.963636	0.964286	23.5501	23.5347
87	4	0.98	0.963636	0.963636	0.964286	23.5322	23.521
88	4	0.96	0.963636	0.963636	0.964286	23.5107	23.5359
89	4	0.96	0.963636	0.963636	0.964286	23.4837	23.4751
90	4	0.98	0.945455	0.963636	0.964286	23.4625	23.3959
91	4	0.96	0.945455	0.963636	0.964286	23.4463	23.453
92	4	0.96	0.963636	0.963636	0.964286	23.4299	23.3786
93	4	0.98	0.945455	0.963636	0.964286	23.3977	23.3344
94	4	1	0.945455	0.963636	0.964286	23.3718	23.2799
95	4	0.96	0.963636	0.963636	0.964286	23.3588	23.3127
96	4	0.96	0.963636	0.963636	0.964286	23.3348	23.3369
97	4	0.98	0.963636	0.963636	0.964286	23.3065	23.2865
98	4	0.96	0.963636	0.963636	0.964286	23.2867	23.3119
99	4	0.98	0.963636	0.963636	0.964286	23.2648	23.2354
100	4	0.94	0.963636	0.963636	0.964286	23.2428	23.3078
101	4	1	0.963636	0.963636	0.964286	23.2186	23.1705
102	4	0.98	0.963636	0.963636	0.964286	23.1975	23.1726
103	4	0.96	0.963636	0.963636	0.964286	23.1797	23.1605
104	4	0.96	0.963636	0.963636	0.964286	23.1628	23.1502
105	4	1	0.963636	0.963636	0.964286	23.1378	23.0796
106	4	0.98	0.963636	0.963636	0.964286	23.1112	23.0718
107	4	0.98	0.963636	0.963636	0.964286	23.0886	23.0663
108	4	0.98	0.963636	0.963636	0.964286	23.0712	23.0301
109	4	0.94	0.963636	0.963636	0.964286	23.0498	23.0575
110	4	1	0.981818	0.969697	0.964286	23.0239	22.9482
111	4	0.98	0.981818	0.975758	0.964286	23.0046	23.0174
112	4	0.96	0.963636	0.975758	0.964286	22.9923	22.9856
113	4	0.96	0.963636	0.975758	0.964286	22.9656	22.9842
114	4	0.96	0.963636	0.975758	0.964286	22.9452	22.9614
115	4	0.98	0.963636	0.975758	0.964286	22.9272	22.9122
116	4	0.98	0.981818	0.975758	0.964286	22.896	22.9267
117	4	0.98	0.963636	0.975758	0.964286	22.8791	22.8578
118	4	1	0.963636	0.975758	0.964286	22.8606	22.8147
119	4	0.98	0.963636	0.975758	0.964286	22.8338	22.8068
120	4	1	0.963636	0.975758	0.964286	22.8207	22.785
121	4	0.98	0.963636	0.975758	0.964286	22.7974	22.7611
122	4	1	1	0.975758	0.964286	22.7758	22.7147
123	4	1	0.963636	0.975758	0.964286	22.7568	22.6997
124	4	0.98	0.981818	0.981818	0.982143	22.7324	22.7101
125	4	1	0.981818	0.981818	0.982143	22.7142	22.6801
126	4	1	0.981818	0.981818	0.982143	22.6916	22.6486
127	4	1	0.981818	0.981818	0.982143	22.6709	22.622
128	4	1	0.981818	0.981818	0.982143	22.6544	22.6401
129	4	1	0.981818	0.981818	0.982143	22.6339	22.5971
130	4	1	0.981818	0.981818	0.982143	22.6103	22.5928
131	4	0.98	0.981818	0.981818	0.982143	22.5963	22.5873
132	4	1	1	0.987879	0.982143	22.5692	22.5117
133	4	1	0.981818	0.987879	0.982143	22.5492	22.5107
134	4	1	0.981818	0.987879	0.982143	22.5303	22.4997
135	4	1	1	0.987879	0.982143	22.508	22.4769
136	4	1	1	0.993939	1	22.488	22.4445
137	4	0.96	1	1	0.982143	22.4667	22.5
