0	7	0.44	0.327273	0.109091	0.444444	28.8636	28.0147
1	7	0.56	0.327273	0.218182	0.444444	27.6834	27.0978
2	7	0.44	0.309091	0.321212	0.444444	27.2211	27.1798
3	7	0.5	0.327273	0.321212	0.444444	27.0387	26.8261
4	7	0.46	0.327273	0.321212	0.444444	26.8064	26.3525
5	7	0.58	0.527273	0.393939	0.611111	26.5601	26.1212
6	7	0.6	0.545455	0.466667	0.685185	26.3507	26.0333
7	7	0.64	0.545455	0.539394	0.685185	26.2675	26.3797
8	7	0.78	0.545455	0.545455	0.685185	26.2107	25.7309
9	7	0.68	0.709091	0.6	0.740741	26.0295	26.0979
10	7	0.72	0.690909	0.648485	0.722222	25.9559	25.8217
11	7	0.7	0.690909	0.69697	0.740741	25.9016	25.7083
12	7	0.7	0.672727	0.69697	0.740741	25.7923	25.5826
13	7	0.84	0.818182	0.727273	0.833333	25.7038	25.3764
14	7	0.94	0.836364	0.775758	0.833333	25.6458	25.4348
15	7	0.94	0.890909	0.848485	0.907407	25.5856	25.3066
16	7	0.92	0.890909	0.872727	0.925926	25.5114	25.2545
17	7	0.84	0.836364	0.872727	0.925926	25.5037	25.3558
18	7	0.88	0.890909	0.872727	0.925926	25.4335	25.4748
19	7	0.96	0.890909	0.872727	0.925926	25.395	25.1376
20	7	0.88	0.890909	0.890909	0.888889	25.347	25.335
21	7	0.9	0.890909	0.890909	0.888889	25.3053	25.2964
22	7	0.92	0.854545	0.890909	0.888889	25.3034	25.0131
23	7	0.92	0.872727	0.890909	0.888889	25.2548	25.1562
24	7	0.98	0.890909	0.890909	0.888889	25.2027	24.89
25	7	0.84	0.890909	0.890909	0.888889	25.1741	25.1911
26	7	0.9	0.890909	0.890909	0.888889	25.1387	24.9624
27	7	0.88	0.872727	0.890909	0.888889	25.1011	25.0509
28	7	0.8	0.872727	0.890909	0.888889	25.0729	25.3144
29	7	0.92	0.872727	0.890909	0.888889	25.0355	24.8178
30	7	0.84	0.872727	0.890909	0.888889	25.0009	25.0405
31	7	0.92	0.872727	0.890909	0.888889	24.97	24.7967
32	7	0.96	0.872727	0.890909	0.888889	24.9454	24.7083
33	7	0.94	0.872727	0.890909	0.888889	24.9045	24.794
34	7	0.88	0.872727	0.890909	0.888889	24.8858	24.7128
35	7	0.96	0.872727	0.890909	0.888889	24.8443	24.6243
36	7	0.9	0.872727	0.890909	0.888889	24.8107	24.7393
37	7	0.96	0.872727	0.890909	0.888889	24.79	24.6622
38	7	0.8	0.872727	0.890909	0.888889	24.7759	24.9196
39	7	0.86	0.890909	0.890909	0.888889	24.7231	24.737
40	7	0.88	0.872727	0.890909	0.888889	24.7046	24.6915
41	7	0.96	0.872727	0.890909	0.888889	24.6773	24.4517
42	7	0.98	0.872727	0.890909	0.888889	24.646	24.3983
43	7	0.86	0.890909	0.890909	0.888889	24.6232	24.6472
44	7	0.98	0.872727	0.890909	0.888889	24.5948	24.4104
45	7	0.9	0.872727	0.890909	0.888889	24.5699	24.5044
46	7	0.98	0.872727	0.890909	0.888889	24.5535	24.3105
47	7	0.94	0.909091	0.890909	0.888889	24.5213	24.4458
48	7	0.94	0.909091	0.89697	0.925926	24.4923	24.3936
49	7	0.96	0.890909	0.90303	0.925926	24.469	24.347
50	7	0.92	0.872727	0.90303	0.925926	24.4453	24.4387
51	7	0.98	0.872727	0.90303	0.925926	24.4239	24.2197
52	7	0.94	0.909091	0.90303	0.925926	24.3901	24.2978
53	7	0.94	0.909091	0.90303	0.925926	24.3737	24.2718
54	7	0.96	0.909091	0.909091	0.925926	24.3416	24.1809
55	7	0.94	0.909091	0.909091	0.925926	24.3205	24.2444
56	7	0.98	0.909091	0.909091	0.925926	24.2971	24.2202
57	7	0.96	0.872727	0.909091	0.925926	24.2764	24.167
58	7	0.98	0.909091	0.909091	0.925926	24.2451	24.1529
59	7	0.98	0.909091	0.909091	0.925926	24.223	24.0763
60	7	0.94	0.909091	0.909091	0.925926	24.1962	24.1195
61	7	0.96	0.909091	0.909091	0.925926	24.1779	24.0635
62	7	0.96	0.909091	0.909091	0.925926	24.1566	24.0343
63	7	0.92	0.909091	0.909091	0.925926	24.1277	24.0119
64	7	0.98	0.927273	0.915152	0.944444	24.1002	23.944
65	7	1	0.909091	0.915152	0.944444	24.0832	23.8635
66	7	0.92	0.909091	0.915152	0.944444	24.0612	23.951
67	7	0.92	0.909091	0.915152	0.944444	24.0345	23.9941
68	7	0.98	0.909091	0.915152	0.944444	24.0053	23.883
69	7	0.96	0.909091	0.915152	0.944444	23.9857	23.8948
70	7	0.98	0.909091	0.915152	0.944444	23.9684	23.7903
71	7	0.98	0.909091	0.915152	0.944444	23.9428	23.7956
72	7	0.96	0.909091	0.915152	0.944444	23.921	23.7897
73	7	0.96	0.909091	0.915152	0.944444	23.8995	23.7421
74	7	1	0.927273	0.915152	0.944444	23.8744	23.6619
75	7	0.9	0.909091	0.915152	0.944444	23.8502	23.8546
76	7	0.96	0.927273	0.921212	0.944444	23.8325	23.706
77	7	0.96	0.927273	0.921212	0.944444	23.812	23.6853
78	7	0.98	0.927273	0.927273	0.944444	23.7863	23.6182
79	7	1	0.927273	0.927273	0.944444	23.7633	23.626
80	7	0.96	0.927273	0.927273	0.944444	23.7409	23.6691
81	7	0.94	0.909091	0.927273	0.944444	23.7201	23.6215
82	7	0.96	0.909091	0.927273	0.944444	23.698	23.5939
83	7	0.98	0.927273	0.927273	0.944444	23.6773	23.5076
84	7	0.98	0.927273	0.927273	0.944444	23.6531	23.4887
85	7	0.94	0.927273	0.927273	0.944444	23.6322	23.5275
86	7	0.94	0.927273	0.927273	0.944444	23.6118	23.5117
87	7	1	0.927273	0.927273	0.944444	23.5875	23.4373
88	7	0.92	0.927273	0.927273	0.944444	23.5726	23.517
89	7	0.96	0.909091	0.927273	0.944444	23.5509	23.4755
90	7	0.96	0.927273	0.927273	0.944444	23.5242	23.3972
91	7	1	0.927273	0.927273	0.944444	23.5046	23.3481
92	7	0.98	0.927273	0.927273	0.944444	23.484	23.3411
93	7	0.96	0.927273	0.927273	0.944444	23.461	23.3006
94	7	0.98	0.927273	0.927273	0.944444	23.44	23.321
95	7	1	0.927273	0.927273	0.944444	23.418	23.2412
96	7	0.92	0.927273	0.927273	0.944444	23.4002	23.3018
97	7	0.96	0.927273	0.927273	0.944444	23.3771	23.245
98	7	0.98	0.927273	0.927273	0.944444	23.3561	23.2226
99	7	0.96	0.927273	0.927273	0.944444	23.3312	23.2821
100	7	1	0.909091	0.927273	0.944444	23.3127	23.1461
101	7	0.92	0.909091	0.927273	0.944444	23.2954	23.2174
102	7	0.96	0.927273	0.927273	0.944444	23.2709	23.2034
103	7	0.98	0.927273	0.927273	0.944444	23.2507	23.1122
104	7	1	0.927273	0.927273	0.944444	23.2289	23.1088
105	7	0.98	0.927273	0.927273	0.944444	23.2062	23.1149
106	7	0.94	0.927273	0.927273	0.944444	23.185	23.0827
107	7	0.94	0.927273	0.927273	0.944444	23.1637	23.0755
108	7	0.96	0.927273	0.927273	0.944444	23.144	23.0359
109	7	1	0.927273	0.927273	0.944444	23.1205	22.9599
110	7	1	0.927273	0.927273	0.944444	23.1016	22.9732
111	7	0.96	0.927273	0.927273	0.944444	23.0861	22.9733
112	7	0.98	0.927273	0.927273	0.944444	23.0601	22.9212
113	7	1	0.927273	0.927273	0.944444	23.0374	22.8777
114	7	0.94	0.927273	0.927273	0.944444	23.0124	22.968
115	7	0.96	0.927273	0.927273	0.944444	22.9963	22.896
116	7	0.98	0.945455	0.933333	0.962963	22.9714	22.8574
117	7	0.98	0.927273	0.933333	0.962963	22.9534	22.8336
118	7	0.98	0.927273	0.933333	0.962963	22.9349	22.7808
119	7	0.98	0.927273	0.933333	0.962963	22.9117	22.7964
120	7	0.98	0.927273	0.933333	0.962963	22.8957	22.7386
121	7	0.96	0.945455	0.933333	0.962963	22.8831	22.8562
122	7	1	0.927273	0.933333	0.962963	22.8591	22.7192
123	7	1	0.927273	0.933333	0.962963	22.8359	22.6968
124	7	0.98	0.927273	0.933333	0.962963	22.8212	22.7007
125	7	1	0.927273	0.933333	0.962963	22.795	22.634
126	7	0.98	0.927273	0.933333	0.962963	22.777	22.637
127	7	0.98	0.927273	0.933333	0.962963	22.7565	22.6458
128	7	0.98	0.927273	0.933333	0.962963	22.7357	22.6414
129	7	0.96	0.927273	0.933333	0.962963	22.7154	22.6539
130	7	0.98	0.945455	0.933333	0.962963	22.6948	22.5923
131	7	0.98	0.945455	0.939394	0.962963	22.6763	22.5602
132	7	1	0.945455	0.945455	0.962963	22.6568	22.488
133	7	1	0.945455	0.945455	0.962963	22.6347	22.4734
134	7	1	0.945455	0.945455	0.962963	22.6161	22.4651
135	7	1	0.945455	0.945455	0.962963	22.5959	22.4502
136	7	1	0.945455	0.945455	0.962963	22.5758	22.4269
137	7	1	0.945455	0.945455	0.962963	22.5545	22.4297
138	7	1	0.927273	0.945455	0.962963	22.5347	22.4302
139	7	1	0.927273	0.945455	0.962963	22.5163	22.3754
140	7	1	0.945455	0.945455	0.962963	22.4977	22.3321
141	7	1	0.945455	0.945455	0.962963	22.4751	22.3176
142	7	1	0.945455	0.945455	0.962963	22.4535	22.3707
143	7	1	0.945455	0.945455	0.962963	22.435	22.3224
144	7	0.98	0.945455	0.945455	0.962963	22.4168	22.2858
145	7	1	0.945455	0.945455	0.962963	22.399	22.2383
146	7	1	0.945455	0.945455	0.962963	22.3819	22.2458
147	7	1	0.945455	0.945455	0.962963	22.3612	22.2339
148	7	1	0.945455	0.945455	0.962963	22.3413	22.1808
149	7	1	0.945455	0.945455	0.962963	22.3191	22.181
150	7	1	0.945455	0.945455	0.962963	22.2971	22.1683
151	7	1	0.945455	0.945455	0.962963	22.2773	22.1345
152	7	1	0.945455	0.945455	0.962963	22.2626	22.1051
153	7	0.98	0.945455	0.945455	0.962963	22.2411	22.1258
154	7	1	0.945455	0.945455	0.962963	22.2176	22.0914
155	7	1	0.945455	0.945455	0.962963	22.1985	22.046
156	7	1	0.945455	0.945455	0.962963	22.1826	22.0145
157	7	1	0.945455	0.945455	0.962963	22.1622	22.0226
158	7	1	0.945455	0.945455	0.962963	22.1424	22.0237
159	7	0.98	0.945455	0.945455	0.962963	22.1239	22.029
160	7	1	0.945455	0.945455	0.962963	22.107	21.9462
161	7	1	0.945455	0.945455	0.962963	22.0897	21.9253
162	7	1	0.945455	0.945455	0.962963	22.0679	21.922
163	7	0.98	0.945455	0.945455	0.962963	22.0513	21.9426
164	7	1	0.945455	0.945455	0.962963	22.03	21.8682
165	7	1	0.945455	0.945455	0.962963	22.0126	21.8528
166	7	1	0.945455	0.945455	0.962963	21.9963	21.8383
167	7	0.98	0.945455	0.945455	0.962963	21.9759	21.8553
168	7	1	0.945455	0.945455	0.962963	21.9584	21.8201
169	7	1	0.927273	0.945455	0.962963	21.9402	21.8035
170	7	1	0.945455	0.945455	0.962963	21.9152	21.7739
171	7	1	0.945455	0.945455	0.962963	21.8959	21.7732
172	7	1	0.945455	0.945455	0.962963	21.8824	21.7521
173	7	0.98	0.945455	0.945455	0.962963	21.8628	21.7949
174	7	1	0.945455	0.945455	0.962963	21.8424	21.6773
175	7	1	0.945455	0.945455	0.962963	21.8212	21.6879
176	7	1	0.945455	0.945455	0.962963	21.7981	21.6217
177	7	1	0.945455	0.945455	0.962963	21.7802	21.6154
178	7	1	0.945455	0.945455	0.962963	21.7672	21.668
179	7	1	0.945455	0.945455	0.962963	21.7478	21.5929
180	7	1	0.945455	0.945455	0.962963	21.7305	21.5624
181	7	1	0.945455	0.945455	0.962963	21.71	21.5772
182	7	1	0.945455	0.945455	0.962963	21.6923	21.5527
183	7	1	0.945455	0.945455	0.962963	21.673	21.5226
184	7	1	0.945455	0.945455	0.962963	21.6511	21.5124
185	7	1	0.945455	0.945455	0.962963	21.6334	21.4738
186	7	1	0.945455	0.945455	0.962963	21.6172	21.4708
187	7	1	0.945455	0.945455	0.962963	21.5976	21.4509
188	7	1	0.945455	0.945455	0.962963	21.5804	21.4186
189	7	1	0.945455	0.945455	0.962963	21.5621	21.4154
190	7	1	0.945455	0.945455	0.962963	21.5388	21.4066
191	7	1	0.945455	0.945455	0.962963	21.5218	21.3483
192	7	0.98	0.945455	0.945455	0.962963	21.5067	21.3565
193	7	1	0.945455	0.945455	0.962963	21.4879	21.3292
194	7	1	0.945455	0.945455	0.962963	21.4674	21.32
195	7	1	0.945455	0.945455	0.962963	21.4495	21.3145
196	7	1	0.945455	0.945455	0.962963	21.4318	21.2935
197	7	1	0.945455	0.945455	0.962963	21.4165	21.2887
198	7	1	0.945455	0.945455	0.962963	21.3973	21.2436
199	7	1	0.945455	0.945455	0.962963	21.3812	21.2072
200	7	1	0.945455	0.945455	0.962963	21.362	21.2026
201	7	1	0.945455	0.945455	0.962963	21.3416	21.1608
202	7	1	0.945455	0.945455	0.962963	21.325	21.1871
203	7	0.98	0.945455	0.945455	0.962963	21.3056	21.169
204	7	1	0.945455	0.945455	0.962963	21.2853	21.1277
205	7	1	0.945455	0.945455	0.962963	21.2669	21.0962
206	7	1	0.945455	0.945455	0.962963	21.2493	21.0875
207	7	1	0.945455	0.945455	0.962963	21.231	21.0783
208	7	1	0.945455	0.945455	0.962963	21.2123	21.0792
209	7	1	0.945455	0.945455	0.962963	21.1956	21.0251
210	7	1	0.945455	0.945455	0.962963	21.1774	21.0047
211	7	1	0.945455	0.945455	0.962963	21.1601	20.9986
212	7	1	0.945455	0.945455	0.962963	21.1405	20.9588
213	7	1	0.945455	0.945455	0.962963	21.1222	20.942
214	7	1	0.945455	0.945455	0.962963	21.103	20.9446
215	7	1	0.945455	0.945455	0.962963	21.0839	20.9372
216	7	1	0.945455	0.945455	0.962963	21.066	20.9001
217	7	0.98	0.945455	0.945455	0.962963	21.0504	20.9091
218	7	1	0.945455	0.945455	0.962963	21.0329	20.8578
219	7	0.98	0.945455	0.945455	0.962963	21.0141	20.8915
220	7	1	0.945455	0.945455	0.962963	20.9991	20.8278
221	7	1	0.945455	0.945455	0.962963	20.9809	20.8485
222	7	1	0.945455	0.945455	0.962963	20.9606	20.812
223	7	1	0.945455	0.945455	0.962963	20.943	20.7767
224	7	1	0.945455	0.945455	0.962963	20.9255	20.7659
225	7	1	0.945455	0.945455	0.962963	20.9109	20.7316
226	7	1	0.945455	0.945455	0.962963	20.8924	20.7176
227	7	1	0.945455	0.945455	0.962963	20.8728	20.7237
228	7	1	0.945455	0.945455	0.962963	20.8541	20.6942
229	7	0.98	0.945455	0.945455	0.962963	20.8386	20.6832
230	7	0.98	0.945455	0.945455	0.962963	20.8203	20.6696
231	7	0.98	0.945455	0.945455	0.962963	20.8019	20.6507
232	7	1	0.945455	0.945455	0.962963	20.7856	20.6234
233	7	1	0.945455	0.945455	0.962963	20.7714	20.6168
234	7	1	0.945455	0.945455	0.962963	20.7512	20.6009
235	7	1	0.945455	0.945455	0.962963	20.7312	20.5931
236	7	0.98	0.945455	0.945455	0.962963	20.7141	20.573
237	7	1	0.945455	0.945455	0.962963	20.6984	20.5567
238	7	1	0.945455	0.945455	0.962963	20.6781	20.5348
239	7	1	0.945455	0.945455	0.962963	20.6587	20.5204
240	7	1	0.945455	0.945455	0.962963	20.6418	20.4664
241	7	1	0.945455	0.945455	0.962963	20.6249	20.4668
242	7	1	0.945455	0.945455	0.962963	20.6081	20.4482
243	7	1	0.945455	0.945455	0.962963	20.5906	20.4371
244	7	1	0.945455	0.945455	0.962963	20.5712	20.3975
245	7	1	0.945455	0.945455	0.962963	20.5548	20.4158
246	7	1	0.945455	0.945455	0.962963	20.5387	20.3613
247	7	1	0.945455	0.945455	0.962963	20.5194	20.3648
248	7	1	0.945455	0.945455	0.962963	20.499	20.342
249	7	1	0.945455	0.945455	0.962963	20.4854	20.3183
250	7	1	0.945455	0.945455	0.962963	20.4694	20.3218
251	7	1	0.945455	0.945455	0.962963	20.4505	20.2768
252	7	1	0.945455	0.945455	0.962963	20.4311	20.2887
253	7	1	0.945455	0.945455	0.962963	20.4157	20.2525
254	7	1	0.945455	0.945455	0.962963	20.3964	20.2409
255	7	1	0.945455	0.945455	0.962963	20.379	20.2323
256	7	1	0.945455	0.945455	0.962963	20.3649	20.2121
257	7	1	0.945455	0.945455	0.962963	20.3531	20.2034
258	7	1	0.945455	0.945455	0.962963	20.3314	20.1774
259	7	1	0.945455	0.945455	0.962963	20.3133	20.1412
260	7	1	0.945455	0.945455	0.962963	20.2988	20.121
261	7	1	0.945455	0.945455	0.962963	20.2836	20.1164
262	7	1	0.945455	0.945455	0.962963	20.2624	20.0984
263	7	1	0.945455	0.945455	0.962963	20.2487	20.0795
264	7	1	0.945455	0.945455	0.962963	20.2301	20.0493
265	7	1	0.945455	0.945455	0.962963	20.2133	20.0596
266	7	1	0.945455	0.945455	0.962963	20.1968	20.0392
267	7	1	0.945455	0.945455	0.962963	20.1769	20.0104
268	7	1	0.945455	0.945455	0.962963	20.1588	20.0021
269	7	1	0.945455	0.945455	0.962963	20.1414	19.9866
270	7	1	0.945455	0.945455	0.962963	20.1263	19.9547
271	7	1	0.945455	0.945455	0.962963	20.1086	19.9468
272	7	1	0.945455	0.945455	0.962963	20.0911	19.9236
273	7	1	0.945455	0.945455	0.962963	20.0718	19.8983
274	7	1	0.945455	0.945455	0.962963	20.0534	19.899
275	7	1	0.945455	0.945455	0.962963	20.0387	19.8666
276	7	1	0.945455	0.945455	0.962963	20.0243	19.8562
277	7	1	0.945455	0.945455	0.962963	20.0094	19.8267
278	7	1	0.945455	0.945455	0.962963	19.9903	19.8224
279	7	1	0.945455	0.945455	0.962963	19.9746	19.817
280	7	1	0.945455	0.945455	0.962963	19.9586	19.7879
281	7	1	0.945455	0.945455	0.962963	19.9421	19.7672
282	7	1	0.945455	0.945455	0.962963	19.9195	19.7718
283	7	1	0.945455	0.945455	0.962963	19.9054	19.7441
284	7	1	0.945455	0.945455	0.962963	19.8907	19.7349
285	7	1	0.945455	0.945455	0.962963	19.8729	19.6942
286	7	1	0.945455	0.945455	0.962963	19.854	19.6872
287	7	1	0.945455	0.945455	0.962963	19.8382	19.6781
288	7	1	0.945455	0.945455	0.962963	19.8231	19.6645
289	7	1	0.945455	0.945455	0.962963	19.8114	19.6425
290	7	1	0.945455	0.945455	0.962963	19.7933	19.6161
291	7	1	0.945455	0.945455	0.962963	19.7777	19.5981
292	7	1	0.945455	0.945455	0.962963	19.7604	19.5932
293	7	1	0.945455	0.945455	0.962963	19.742	19.5663
294	7	1	0.945455	0.945455	0.962963	19.726	19.5574
295	7	1	0.945455	0.945455	0.962963	19.7138	19.5364
296	7	1	0.945455	0.945455	0.962963	19.6925	19.5126
297	7	1	0.945455	0.945455	0.962963	19.6766	19.4971
298	7	1	0.945455	0.945455	0.962963	19.658	19.4853
299	7	1	0.945455	0.945455	0.962963	19.6431	19.4696
300	7	1	0.945455	0.945455	0.962963	19.6274	19.4517
301	7	1	0.945455	0.945455	0.962963	19.6102	19.4411
302	7	1	0.945455	0.945455	0.962963	19.595	19.4174
303	7	1	0.945455	0.945455	0.962963	19.5757	19.427
304	7	1	0.945455	0.945455	0.962963	19.5588	19.398
305	7	1	0.945455	0.945455	0.962963	19.5478	19.3727
306	7	1	0.945455	0.945455	0.962963	19.5283	19.3534
307	7	1	0.945455	0.945455	0.962963	19.5082	19.3498
308	7	1	0.945455	0.945455	0.962963	19.4926	19.3207
309	7	1	0.945455	0.945455	0.962963	19.4779	19.2945
310	7	1	0.945455	0.945455	0.962963	19.4607	19.2872
311	7	1	0.945455	0.945455	0.962963	19.4429	19.2698
312	7	1	0.945455	0.945455	0.962963	19.427	19.2552
313	7	1	0.945455	0.945455	0.962963	19.411	19.2352
314	7	1	0.945455	0.945455	0.962963	19.3988	19.2167
315	7	1	0.945455	0.945455	0.962963	19.385	19.2114
316	7	1	0.945455	0.945455	0.962963	19.3636	19.1846
317	7	1	0.945455	0.945455	0.962963	19.347	19.1643
318	7	1	0.945455	0.945455	0.962963	19.3326	19.1553
319	7	1	0.945455	0.945455	0.962963	19.3185	19.1437
320	7	1	0.945455	0.945455	0.962963	19.3019	19.1182
321	7	1	0.945455	0.945455	0.962963	19.2799	19.1152
322	7	1	0.945455	0.945455	0.962963	19.2632	19.0849
323	7	1	0.945455	0.945455	0.962963	19.2489	19.0683
324	7	1	0.945455	0.945455	0.962963	19.2311	19.0532
325	7	1	0.945455	0.945455	0.962963	19.2082	19.0373
326	7	1	0.945455	0.945455	0.962963	19.1894	19.0395
327	7	1	0.945455	0.945455	0.962963	19.1805	19.0134
328	7	1	0.945455	0.945455	0.962963	19.165	18.9914
329	7	1	0.945455	0.945455	0.962963	19.1491	18.9778
330	7	1	0.945455	0.945455	0.962963	19.1352	18.9531
331	7	1	0.945455	0.945455	0.962963	19.1207	18.9415
332	7	1	0.945455	0.945455	0.962963	19.1002	18.9334
333	7	1	0.945455	0.945455	0.962963	19.0817	18.9115
334	7	1	0.945455	0.945455	0.962963	19.0659	18.8992
335	7	1	0.945455	0.945455	0.962963	19.0521	18.8766
336	7	1	0.945455	0.945455	0.962963	19.0332	18.8693
337	7	1	0.945455	0.945455	0.962963	19.015	18.8439
338	7	1	0.945455	0.945455	0.962963	18.9998	18.8288
339	7	1	0.945455	0.945455	0.962963	18.9863	18.8171
340	7	1	0.945455	0.945455	0.962963	18.9718	18.8001
341	7	1	0.945455	0.945455	0.962963	18.9528	18.7897
342	7	1	0.945455	0.945455	0.962963	18.9355	18.7673
343	7	1	0.945455	0.945455	0.962963	18.9202	18.7506
344	7	1	0.945455	0.945455	0.962963	18.9067	18.7328
345	7	1	0.945455	0.945455	0.962963	18.888	18.724
346	7	1	0.945455	0.945455	0.962963	18.8713	18.7018
347	7	1	0.945455	0.945455	0.962963	18.857	18.6881
348	7	1	0.945455	0.945455	0.962963	18.8406	18.6848
349	7	1	0.945455	0.945455	0.962963	18.8225	18.6524
350	7	1	0.945455	0.945455	0.962963	18.8096	18.6478
351	7	1	0.945455	0.945455	0.962963	18.7957	18.63
352	7	1	0.945455	0.945455	0.962963	18.7811	18.6202
353	7	1	0.945455	0.945455	0.962963	18.7618	18.5952
354	7	1	0.945455	0.945455	0.962963	18.7429	18.5765
355	7	1	0.945455	0.945455	0.962963	18.7336	18.5617
356	7	1	0.945455	0.945455	0.962963	18.7192	18.5494
357	7	1	0.945455	0.945455	0.962963	18.6999	18.5323
358	7	1	0.945455	0.945455	0.962963	18.6834	18.5151
359	7	1	0.945455	0.945455	0.962963	18.6684	18.4925
360	7	1	0.945455	0.945455	0.962963	18.6572	18.4831
361	7	1	0.945455	0.945455	0.962963	18.6408	18.4655
362	7	1	0.945455	0.945455	0.962963	18.6283	18.4593
363	7	1	0.945455	0.945455	0.962963	18.6118	18.4387
364	7	1	0.945455	0.945455	0.962963	18.5947	18.4253
365	7	1	0.945455	0.945455	0.962963	18.5854	18.4057
366	7	1	0.945455	0.945455	0.962963	18.5698	18.391
367	7	1	0.945455	0.945455	0.962963	18.5454	18.3698
368	7	1	0.945455	0.945455	0.962963	18.5287	18.3558
369	7	1	0.945455	0.945455	0.962963	18.5175	18.3398
370	7	1	0.945455	0.945455	0.962963	18.5	18.3267
371	7	1	0.945455	0.945455	0.962963	18.4874	18.3052
372	7	1	0.945455	0.945455	0.962963	18.4746	18.293
373	7	1	0.945455	0.945455	0.962963	18.4604	18.2788
374	7	1	0.945455	0.945455	0.962963	18.4451	18.2644
375	7	1	0.945455	0.945455	0.962963	18.425	18.2495
376	7	1	0.945455	0.945455	0.962963	18.4088	18.2303
377	7	1	0.945455	0.945455	0.962963	18.3935	18.2219
378	7	1	0.945455	0.945455	0.962963	18.3794	18.1971
379	7	1	0.945455	0.945455	0.962963	18.3656	18.1855
380	7	1	0.945455	0.945455	0.962963	18.3512	18.1778
381	7	1	0.945455	0.945455	0.962963	18.3341	18.1633
382	7	1	0.945455	0.945455	0.962963	18.3197	18.1415
383	7	1	0.945455	0.945455	0.962963	18.3081	18.1256
384	7	1	0.945455	0.945455	0.962963	18.2957	18.1083
385	7	1	0.945455	0.945455	0.962963	18.2736	18.0894
386	7	1	0.945455	0.945455	0.962963	18.258	18.0732
387	7	1	0.945455	0.945455	0.962963	18.245	18.0631
388	7	1	0.945455	0.945455	0.962963	18.2257	18.0453
389	7	1	0.945455	0.945455	0.962963	18.2072	18.0264
390	7	1	0.945455	0.945455	0.962963	18.1918	18.0138
391	7	1	0.945455	0.945455	0.962963	18.1809	18.001
392	7	1	0.945455	0.945455	0.962963	18.1615	17.9895
393	7	1	0.945455	0.945455	0.962963	18.1459	17.9863
394	7	1	0.945455	0.945455	0.962963	18.1276	17.9545
395	7	1	0.945455	0.945455	0.962963	18.1158	17.9435
396	7	1	0.945455	0.945455	0.962963	18.1041	17.9242
397	7	1	0.945455	0.945455	0.962963	18.0904	17.9103
398	7	1	0.945455	0.945455	0.962963	18.0722	17.89
399	7	1	0.945455	0.945455	0.962963	18.0533	17.8818
400	7	1	0.945455	0.945455	0.962963	18.0363	17.8577
401	7	1	0.945455	0.945455	0.962963	18.0207	17.846
402	7	1	0.945455	0.945455	0.962963	18.0058	17.8324
403	7	1	0.945455	0.945455	0.962963	17.9928	17.8129
404	7	1	0.945455	0.945455	0.962963	17.9796	17.7982
405	7	1	0.945455	0.945455	0.962963	17.9668	17.7925
406	7	1	0.945455	0.945455	0.962963	17.9456	17.7692
407	7	1	0.945455	0.945455	0.962963	17.9272	17.7599
408	7	1	0.945455	0.945455	0.962963	17.9152	17.7412
409	7	1	0.945455	0.945455	0.962963	17.9074	17.727
410	7	1	0.945455	0.945455	0.962963	17.8896	17.7135
411	7	1	0.945455	0.945455	0.962963	17.8705	17.6941
412	7	1	0.945455	0.945455	0.962963	17.8525	17.6811
413	7	1	0.945455	0.945455	0.962963	17.8403	17.6631
414	7	1	0.945455	0.945455	0.962963	17.8274	17.6529
415	7	1	0.945455	0.945455	0.962963	17.8136	17.6333
416	7	1	0.945455	0.945455	0.962963	17.7997	17.6154
417	7	1	0.945455	0.945455	0.962963	17.7782	17.6023
418	7	1	0.945455	0.945455	0.962963	17.7564	17.5879
419	7	1	0.945455	0.945455	0.962963	17.7412	17.5764
420	7	1	0.945455	0.945455	0.962963	17.7315	17.558
421	7	1	0.945455	0.945455	0.962963	17.72	17.5453
422	7	1	0.945455	0.945455	0.962963	17.7062	17.5277
423	7	1	0.945455	0.945455	0.962963	17.6831	17.5097
424	7	1	0.945455	0.945455	0.962963	17.6684	17.498
425	7	1	0.945455	0.945455	0.962963	17.6592	17.4866
426	7	1	0.945455	0.945455	0.962963	17.6511	17.4713
427	7	1	0.945455	0.945455	0.962963	17.6253	17.4632
428	7	1	0.945455	0.945455	0.962963	17.6116	17.4375
429	7	1	0.945455	0.945455	0.962963	17.5995	17.4223
430	7	1	0.945455	0.945455	0.962963	17.5818	17.41
431	7	1	0.945455	0.945455	0.962963	17.5682	17.4007
432	7	1	0.945455	0.945455	0.962963	17.5482	17.3759
433	7	1	0.945455	0.945455	0.962963	17.537	17.362
434	7	1	0.945455	0.945455	0.962963	17.5275	17.3616
435	7	1	0.945455	0.945455	0.962963	17.5132	17.3389
436	7	1	0.945455	0.945455	0.962963	17.4989	17.3233
437	7	1	0.945455	0.945455	0.962963	17.4848	17.3063
438	7	1	0.945455	0.945455	0.962963	17.4641	17.2928
439	7	1	0.945455	0.945455	0.962963	17.4507	17.2716
440	7	1	0.945455	0.945455	0.962963	17.4382	17.2583
441	7	1	0.945455	0.945455	0.962963	17.4237	17.2476
442	7	1	0.945455	0.945455	0.962963	17.4087	17.2341
443	7	1	0.945455	0.945455	0.962963	17.3944	17.2153
444	7	1	0.945455	0.945455	0.962963	17.3783	17.2039
445	7	1	0.945455	0.945455	0.962963	17.3617	17.1864
446	7	1	0.945455	0.945455	0.962963	17.3464	17.1734
447	7	1	0.945455	0.945455	0.962963	17.3353	17.1583
448	7	1	0.945455	0.945455	0.962963	17.3266	17.1408
449	7	1	0.945455	0.945455	0.962963	17.3134	17.1314
450	7	1	0.945455	0.945455	0.962963	17.3019	17.1098
451	7	1	0.945455	0.945455	0.962963	17.2857	17.0995
452	7	1	0.945455	0.945455	0.962963	17.2691	17.0861
453	7	1	0.945455	0.945455	0.962963	17.2557	17.0716
454	7	1	0.945455	0.945455	0.962963	17.2341	17.0526
455	7	1	0.945455	0.945455	0.962963	17.2153	17.0391
456	7	1	0.945455	0.945455	0.962963	17.204	17.0226
457	7	1	0.945455	0.945455	0.962963	17.1892	17.008
458	7	1	0.945455	0.945455	0.962963	17.1727	17.0005
459	7	1	0.945455	0.945455	0.962963	17.1523	16.9797
460	7	1	0.945455	0.945455	0.962963	17.1358	16.964
461	7	1	0.945455	0.945455	0.962963	17.1253	16.9487
462	7	1	0.945455	0.945455	0.962963	17.1132	16.9346
463	7	1	0.945455	0.945455	0.962963	17.0978	16.9202
464	7	1	0.945455	0.945455	0.962963	17.0838	16.9056
465	7	1	0.945455	0.945455	0.962963	17.0645	16.8924
466	7	1	0.945455	0.945455	0.962963	17.0566	16.8768
467	7	1	0.945455	0.945455	0.962963	17.0452	16.8623
468	7	1	0.945455	0.945455	0.962963	17.033	16.8502
469	7	1	0.945455	0.945455	0.962963	17.0257	16.8371
470	7	1	0.945455	0.945455	0.962963	17.0113	16.8228
471	7	1	0.945455	0.945455	0.962963	16.9876	16.8043
472	7	1	0.945455	0.945455	0.962963	16.976	16.7906
473	7	1	0.945455	0.945455	0.962963	16.9663	16.7776
474	7	1	0.945455	0.945455	0.962963	16.9597	16.7653
475	7	1	0.945455	0.945455	0.962963	16.9438	16.7484
476	7	1	0.945455	0.945455	0.962963	16.923	16.7374
477	7	1	0.945455	0.945455	0.962963	16.9022	16.7194
478	7	1	0.945455	0.945455	0.962963	16.8856	16.7088
479	7	1	0.945455	0.945455	0.962963	16.8729	16.6902
480	7	1	0.945455	0.945455	0.962963	16.8566	16.6738
481	7	1	0.945455	0.945455	0.962963	16.8402	16.6594
482	7	1	0.945455	0.945455	0.962963	16.8207	16.6468
483	7	1	0.945455	0.945455	0.962963	16.8039	16.6327
484	7	1	0.945455	0.945455	0.962963	16.7909	16.619
485	7	1	0.945455	0.945455	0.962963	16.7812	16.6033
486	7	1	0.963636	0.951515	1	16.7661	16.5902
487	7	1	0.945455	0.951515	1	16.7516	16.5748
488	7	1	0.945455	0.951515	1	16.7373	16.5597
489	7	1	0.945455	0.951515	1	16.7239	16.5446
490	7	1	0.945455	0.951515	1	16.7168	16.53
491	7	1	0.945455	0.951515	1	16.6988	16.5158
492	7	1	0.945455	0.951515	1	16.6796	16.5033
493	7	1	0.945455	0.951515	1	16.6639	16.4881
494	7	1	0.945455	0.951515	1	16.657	16.4769
495	7	1	0.945455	0.951515	1	16.6408	16.4587
496	7	1	0.945455	0.951515	1	16.6321	16.4459
497	7	1	0.945455	0.951515	1	16.6193	16.4305
498	7	1	0.945455	0.951515	1	16.6066	16.4172
499	7	1	0.945455	0.951515	1	16.5999	16.4061
500	7	1	0.945455	0.951515	1	16.582	16.3878
501	7	1	0.945455	0.951515	1	16.5624	16.3729
502	7	1	0.963636	0.951515	1	16.5435	16.3636
503	7	1	0.945455	0.951515	1	16.5297	16.3452
504	7	1	0.945455	0.951515	1	16.5183	16.3325
505	7	1	0.945455	0.951515	1	16.5052	16.3164
506	7	1	0.945455	0.951515	1	16.4881	16.304
507	7	1	0.945455	0.951515	1	16.472	16.2929
508	7	1	0.945455	0.951515	1	16.4609	16.279
509	7	1	0.945455	0.951515	1	16.4472	16.2613
510	7	1	0.945455	0.951515	1	16.4326	16.2472
511	7	1	0.945455	0.951515	1	16.4213	16.2339
512	7	1	0.963636	0.951515	1	16.4049	16.2178
513	7	1	0.945455	0.951515	1	16.3893	16.2054
514	7	1	0.945455	0.951515	1	16.3789	16.192
515	7	1	0.945455	0.951515	1	16.3696	16.1781
516	7	1	0.963636	0.951515	1	16.3515	16.1619
517	7	1	0.963636	0.957576	0.981481	16.3368	16.1484
518	7	1	0.945455	0.957576	0.981481	16.3237	16.133
519	7	1	0.945455	0.957576	0.981481	16.3143	16.1219
520	7	1	0.945455	0.957576	0.981481	16.2995	16.1047
521	7	1	0.963636	0.957576	0.981481	16.2859	16.0903
522	7	1	0.963636	0.957576	0.981481	16.2646	16.0773
523	7	1	0.945455	0.957576	0.981481	16.2487	16.0654
524	7	1	0.945455	0.957576	0.981481	16.2358	16.0506
525	7	1	0.945455	0.957576	0.981481	16.225	16.0364
526	7	1	0.945455	0.957576	0.981481	16.2156	16.0216
527	7	1	0.945455	0.957576	0.981481	16.203	16.0072
528	7	1	0.945455	0.957576	0.981481	16.1834	15.994
529	7	1	0.963636	0.957576	0.981481	16.164	15.9789
530	7	1	0.963636	0.957576	0.981481	16.1485	15.9681
531	7	1	0.963636	0.963636	1	16.1311	15.952
532	7	1	0.963636	0.963636	1	16.1172	15.9362
533	7	1	0.963636	0.963636	1	16.1008	15.9223
534	7	1	0.945455	0.963636	1	16.0847	15.9107
535	7	1	0.963636	0.963636	1	16.0759	15.8959
536	7	1	0.963636	0.963636	1	16.0656	15.8815
537	7	1	0.963636	0.963636	1	16.0509	15.8678
538	7	1	0.945455	0.963636	1	16.0381	15.8559
539	7	1	0.963636	0.963636	1	16.0216	15.8406
540	7	1	0.963636	0.963636	1	15.9995	15.8262
541	7	1	0.945455	0.963636	1	15.9856	15.813
542	7	1	0.945455	0.963636	1	15.9729	15.799
543	7	1	0.963636	0.963636	1	15.96	15.784
544	7	1	0.963636	0.963636	1	15.9468	15.7702
545	7	1	0.945455	0.963636	1	15.9312	15.7573
546	7	1	0.945455	0.963636	1	15.9204	15.7445
547	7	1	0.963636	0.963636	1	15.9059	15.7294
548	7	1	0.963636	0.963636	1	15.8889	15.7164
549	7	1	0.945455	0.963636	1	15.877	15.7024
550	7	1	0.945455	0.963636	1	15.8656	15.6902
551	7	1	0.963636	0.963636	1	15.853	15.6735
552	7	1	0.963636	0.963636	1	15.8413	15.6599
553	7	1	0.963636	0.963636	1	15.826	15.6467
554	7	1	0.963636	0.963636	1	15.8137	15.6326
555	7	1	0.963636	0.963636	1	15.7967	15.6195
556	7	1	0.963636	0.963636	1	15.7775	15.6056
557	7	1	0.945455	0.963636	1	15.7633	15.5924
558	7	1	0.963636	0.963636	1	15.7524	15.5785
559	7	1	0.963636	0.963636	1	15.7413	15.5636
560	7	1	0.963636	0.963636	1	15.7256	15.5507
561	7	1	0.945455	0.963636	1	15.7128	15.5369
562	7	1	0.945455	0.963636	1	15.702	15.5242
563	7	1	0.945455	0.963636	1	15.6919	15.5104
564	7	1	0.945455	0.963636	1	15.6813	15.4961
565	7	1	0.963636	0.963636	1	15.6632	15.4835
566	7	1	0.963636	0.963636	1	15.6445	15.4693
567	7	1	0.963636	0.963636	1	15.633	15.4558
568	7	1	0.945455	0.963636	1	15.6211	15.4425
569	7	1	0.963636	0.963636	1	15.6056	15.4274
570	7	1	0.963636	0.963636	1	15.5939	15.4149
571	7	1	0.963636	0.963636	1	15.5783	15.4006
572	7	1	0.945455	0.963636	1	15.5679	15.3865
573	7	1	0.945455	0.963636	1	15.5502	15.3729
574	7	1	0.963636	0.963636	1	15.5365	15.3598
575	7	1	0.963636	0.963636	1	15.527	15.3469
576	7	1	0.945455	0.963636	1	15.5178	15.3337
577	7	1	0.945455	0.963636	1	15.5059	15.3201
578	7	1	0.945455	0.963636	1	15.4898	15.3053
579	7	1	0.963636	0.963636	1	15.4761	15.2926
580	7	1	0.945455	0.963636	1	15.4634	15.2801
581	7	1	0.945455	0.963636	1	15.4531	15.2694
582	7	1	0.945455	0.963636	1	15.4363	15.2525
583	7	1	0.963636	0.963636	1	15.4165	15.2374
584	7	1	0.963636	0.963636	1	15.4001	15.224
585	7	1	0.963636	0.963636	1	15.3891	15.2114
586	7	1	0.945455	0.963636	1	15.3783	15.1977
587	7	1	0.945455	0.963636	1	15.3633	15.184
588	7	1	0.963636	0.963636	1	15.3465	15.1712
589	7	1	0.963636	0.963636	1	15.3385	15.1573
590	7	1	0.945455	0.963636	1	15.3269	15.1436
591	7	1	0.945455	0.963636	1	15.3154	15.1301
592	7	1	0.945455	0.963636	1	15.3013	15.1167
593	7	1	0.945455	0.963636	1	15.2928	15.1032
594	7	1	0.963636	0.963636	1	15.2805	15.0916
595	7	1	0.963636	0.963636	1	15.2675	15.0756
596	7	1	0.963636	0.963636	1	15.2596	15.0625
597	7	1	0.963636	0.963636	1	15.2408	15.0493
598	7	1	0.945455	0.963636	1	15.2266	15.0354
599	7	1	0.963636	0.963636	1	15.212	15.0231
600	7	1	0.963636	0.963636	1	15.198	15.0093
601	7	1	0.963636	0.963636	1	15.1826	14.9978
602	7	1	0.945455	0.963636	1	15.1663	14.9817
603	7	1	0.945455	0.963636	1	15.1536	14.9696
604	7	1	0.963636	0.963636	1	15.1393	14.9565
605	7	1	0.963636	0.963636	1	15.123	14.9425
606	7	1	0.963636	0.963636	1	15.1068	14.9298
607	7	1	0.963636	0.963636	1	15.0885	14.9155
608	7	1	0.963636	0.963636	1	15.0743	14.9024
609	7	1	0.945455	0.963636	1	15.0643	14.8888
610	7	1	0.945455	0.963636	1	15.0598	14.8778
611	7	1	0.963636	0.963636	1	15.0357	14.8628
612	7	1	0.963636	0.963636	1	15.0241	14.8499
613	7	1	0.945455	0.963636	1	15.0221	14.8355
614	7	1	0.945455	0.963636	1	15.012	14.8228
615	7	1	0.945455	0.963636	1	15.0013	14.8093
616	7	1	0.945455	0.963636	1	14.9869	14.7962
617	7	1	0.963636	0.963636	1	14.9659	14.7831
618	7	1	0.963636	0.963636	1	14.9497	14.7701
619	7	1	0.963636	0.963636	1	14.9342	14.7563
620	7	1	0.963636	0.963636	1	14.9252	14.7428
621	7	1	0.963636	0.963636	1	14.9131	14.7291
622	7	1	0.963636	0.963636	1	14.9028	14.7163
623	7	1	0.963636	0.963636	1	14.8911	14.7039
624	7	1	0.945455	0.963636	1	14.8836	14.69
625	7	1	0.963636	0.963636	1	14.8689	14.6771
626	7	1	0.963636	0.963636	1	14.8459	14.6642
627	7	1	0.963636	0.963636	1	14.8285	14.6499
628	7	1	0.963636	0.963636	1	14.8183	14.638
629	7	1	0.963636	0.963636	1	14.8094	14.6243
630	7	1	0.963636	0.963636	1	14.7962	14.6108
631	7	1	0.963636	0.963636	1	14.788	14.598
632	7	1	0.945455	0.963636	1	14.7793	14.585
633	7	1	0.963636	0.963636	1	14.765	14.5713
634	7	1	0.963636	0.963636	1	14.7507	14.56
635	7	1	0.963636	0.963636	1	14.7433	14.5447
636	7	1	0.963636	0.963636	1	14.7324	14.5325
637	7	1	0.963636	0.963636	1	14.7187	14.5197
638	7	1	0.963636	0.963636	1	14.705	14.5056
639	7	1	0.945455	0.963636	1	14.6867	14.4929
640	7	1	0.963636	0.963636	1	14.6706	14.4794
641	7	1	0.963636	0.963636	1	14.6572	14.4669
642	7	1	0.963636	0.963636	1	14.6413	14.4536
643	7	1	0.963636	0.963636	1	14.6276	14.4397
644	7	1	0.963636	0.963636	1	14.6124	14.4265
645	7	1	0.963636	0.963636	1	14.597	14.4139
646	7	1	0.963636	0.963636	1	14.5811	14.4009
647	7	1	0.963636	0.963636	1	14.5693	14.3881
648	7	1	0.963636	0.963636	1	14.5617	14.3756
649	7	1	0.963636	0.963636	1	14.5526	14.3614
650	7	1	0.945455	0.963636	1	14.5388	14.3487
651	7	1	0.963636	0.963636	1	14.5211	14.3356
652	7	1	0.963636	0.963636	1	14.5128	14.323
653	7	1	0.963636	0.963636	1	14.5005	14.3096
654	7	1	0.963636	0.963636	1	14.4847	14.2964
655	7	1	0.963636	0.963636	1	14.4665	14.2834
656	7	1	0.963636	0.963636	1	14.4526	14.2704
657	7	1	0.963636	0.963636	1	14.4422	14.2576
658	7	1	0.963636	0.963636	1	14.4295	14.2443
659	7	1	0.963636	0.963636	1	14.4136	14.2315
660	7	1	0.945455	0.963636	1	14.4024	14.2196
661	7	1	0.945455	0.963636	1	14.3892	14.2062
662	7	1	0.945455	0.963636	1	14.3783	14.1948
663	7	1	0.963636	0.963636	1	14.3629	14.1812
664	7	1	0.963636	0.963636	1	14.3463	14.1669
665	7	1	0.963636	0.963636	1	14.3357	14.1547
666	7	1	0.963636	0.963636	1	14.3304	14.1413
667	7	1	0.963636	0.963636	1	14.3226	14.129
668	7	1	0.963636	0.963636	1	14.3014	14.1169
669	7	1	0.963636	0.963636	1	14.2826	14.1032
670	7	1	0.945455	0.963636	1	14.2741	14.0896
671	7	1	0.945455	0.963636	1	14.2614	14.0773
672	7	1	0.963636	0.963636	1	14.2468	14.0643
673	7	1	0.963636	0.963636	1	14.231	14.0508
674	7	1	0.963636	0.963636	1	14.2177	14.0386
675	7	1	0.963636	0.963636	1	14.2113	14.0254
676	7	1	0.963636	0.963636	1	14.2004	14.0126
677	7	1	0.963636	0.963636	1	14.1888	13.9999
678	7	1	0.963636	0.963636	1	14.1721	13.9866
679	7	1	0.963636	0.963636	1	14.1578	13.9737
680	7	1	0.963636	0.963636	1	14.1472	13.9611
681	7	1	0.945455	0.963636	1	14.1259	13.9491
682	7	1	0.945455	0.963636	1	14.1082	13.937
683	7	1	0.963636	0.963636	1	14.0935	13.9234
684	7	1	0.963636	0.963636	1	14.0802	13.9102
685	7	1	0.963636	0.963636	1	14.0688	13.8978
686	7	1	0.963636	0.963636	1	14.0618	13.8841
687	7	1	0.945455	0.963636	1	14.0558	13.8738
688	7	1	0.945455	0.963636	1	14.048	13.8602
689	7	1	0.963636	0.963636	1	14.0217	13.846
690	7	1	0.963636	0.963636	1	14.0106	13.8336
691	7	1	0.963636	0.963636	1	14.0051	13.8212
692	7	1	0.963636	0.963636	1	13.9999	13.8091
693	7	1	0.963636	0.963636	1	13.9817	13.7963
694	7	1	0.963636	0.963636	1	13.9648	13.7822
695	7	1	0.963636	0.963636	1	13.9486	13.7693
696	7	1	0.963636	0.963636	1	13.9385	13.7575
697	7	1	0.963636	0.963636	1	13.932	13.7444
698	7	1	0.963636	0.963636	1	13.9221	13.7314
699	7	1	0.963636	0.963636	1	13.9118	13.7194
700	7	1	0.945455	0.963636	1	13.9007	13.7065
701	7	1	0.963636	0.963636	1	13.8967	13.6937
702	7	1	0.945455	0.963636	1	13.8869	13.6804
703	7	1	0.945455	0.963636	1	13.8691	13.6679
704	7	1	0.963636	0.963636	1	13.844	13.6555
705	7	1	0.963636	0.963636	1	13.8315	13.6434
706	7	1	0.963636	0.963636	1	13.8218	13.6304
707	7	1	0.945455	0.963636	1	13.8168	13.6181
708	7	1	0.963636	0.963636	1	13.7949	13.6053
709	7	1	0.963636	0.963636	1	13.7761	13.5928
710	7	1	0.963636	0.963636	1	13.7619	13.5802
711	7	1	0.963636	0.963636	1	13.7539	13.5674
712	7	1	0.963636	0.963636	1	13.7393	13.5549
713	7	1	0.945455	0.963636	1	13.733	13.543
714	7	1	0.963636	0.963636	1	13.7193	13.5292
715	7	1	0.963636	0.963636	1	13.7035	13.5171
716	7	1	0.945455	0.963636	1	13.6974	13.5055
717	7	1	0.945455	0.963636	1	13.6838	13.4919
718	7	1	0.945455	0.963636	1	13.6617	13.479
719	7	1	0.963636	0.963636	1	13.6437	13.4663
720	7	1	0.963636	0.963636	1	13.6344	13.4536
721	7	1	0.963636	0.963636	1	13.6299	13.442
722	7	1	0.963636	0.963636	1	13.6247	13.4297
723	7	1	0.963636	0.963636	1	13.6079	13.4165
724	7	1	0.963636	0.963636	1	13.5965	13.404
725	7	1	0.963636	0.963636	1	13.5864	13.3919
726	7	1	0.963636	0.963636	1	13.5766	13.3786
727	7	1	0.945455	0.963636	1	13.5655	13.3665
728	7	1	0.963636	0.963636	1	13.5523	13.3538
729	7	1	0.963636	0.963636	1	13.5405	13.3412
730	7	1	0.963636	0.963636	1	13.5294	13.3291
731	7	1	0.963636	0.963636	1	13.511	13.3156
732	7	1	0.963636	0.963636	1	13.4895	13.3033
733	7	1	0.963636	0.963636	1	13.4734	13.291
734	7	1	0.963636	0.963636	1	13.4607	13.2786
735	7	1	0.963636	0.963636	1	13.4509	13.2659
736	7	1	0.963636	0.963636	1	13.4408	13.253
737	7	1	0.963636	0.963636	1	13.4304	13.2407
738	7	1	0.963636	0.963636	1	13.4262	13.2283
739	7	1	0.963636	0.963636	1	13.4105	13.2159
740	7	1	0.963636	0.963636	1	13.397	13.2038
741	7	1	0.963636	0.963636	1	13.3834	13.1909
742	7	1	0.963636	0.963636	1	13.3701	13.1783
743	7	1	0.963636	0.963636	1	13.3582	13.1665
744	7	1	0.963636	0.963636	1	13.3496	13.1537
745	7	1	0.963636	0.963636	1	13.3418	13.1418
746	7	1	0.963636	0.963636	1	13.3257	13.1286
747	7	1	0.963636	0.963636	1	13.309	13.1162
748	7	1	0.963636	0.963636	1	13.2917	13.1038
749	7	1	0.963636	0.963636	1	13.2818	13.0914
750	7	1	0.963636	0.963636	1	13.2718	13.0787
751	7	1	0.963636	0.963636	1	13.2594	13.0663
752	7	1	0.963636	0.963636	1	13.2473	13.0544
753	7	1	0.945455	0.963636	1	13.2326	13.0417
754	7	1	0.963636	0.963636	1	13.2159	13.03
755	7	1	0.963636	0.963636	1	13.203	13.0169
756	7	1	0.963636	0.963636	1	13.1905	13.0049
757	7	1	0.963636	0.963636	1	13.1843	12.992
758	7	1	0.945455	0.963636	1	13.1761	12.98
759	7	1	0.945455	0.963636	1	13.1673	12.967
760	7	1	0.963636	0.963636	1	13.1548	12.9549
761	7	1	0.963636	0.963636	1	13.1368	12.9427
762	7	1	0.963636	0.963636	1	13.1249	12.9302
763	7	1	0.963636	0.963636	1	13.1139	12.9175
764	7	1	0.963636	0.963636	1	13.1066	12.9053
765	7	1	0.945455	0.963636	1	13.0976	12.8929
766	7	1	0.963636	0.963636	1	13.0822	12.8808
767	7	1	0.945455	0.963636	1	13.074	12.8681
768	7	1	0.963636	0.963636	1	13.0448	12.8557
769	7	1	0.963636	0.963636	1	13.0282	12.8437
770	7	1	0.963636	0.963636	1	13.0195	12.8313
771	7	1	0.963636	0.963636	1	13.0075	12.819
772	7	1	0.963636	0.963636	1	12.9938	12.8065
773	7	1	0.945455	0.963636	1	12.9823	12.7945
774	7	1	0.945455	0.963636	1	12.9728	12.7819
775	7	1	0.963636	0.963636	1	12.9561	12.7702
776	7	1	0.963636	0.963636	1	12.9404	12.7575
777	7	1	0.963636	0.963636	1	12.9258	12.745
778	7	1	0.963636	0.963636	1	12.9177	12.7329
779	7	1	0.963636	0.963636	1	12.9036	12.7207
780	7	1	0.963636	0.963636	1	12.8922	12.7082
781	7	1	0.963636	0.963636	1	12.8875	12.6962
782	7	1	0.945455	0.963636	1	12.8833	12.684
783	7	1	0.945455	0.963636	1	12.8642	12.6715
784	7	1	0.963636	0.963636	1	12.8492	12.6592
785	7	1	0.963636	0.963636	1	12.8412	12.6472
786	7	1	0.963636	0.963636	1	12.8304	12.6348
787	7	1	0.963636	0.963636	1	12.8231	12.6224
788	7	1	0.963636	0.963636	1	12.8163	12.6102
789	7	1	0.963636	0.963636	1	12.8003	12.598
790	7	1	0.963636	0.963636	1	12.7834	12.5858
791	7	1	0.945455	0.963636	1	12.7693	12.5738
792	7	1	0.945455	0.963636	1	12.7592	12.5613
793	7	1	0.963636	0.963636	1	12.7443	12.5493
794	7	1	0.963636	0.963636	1	12.7256	12.537
795	7	1	0.963636	0.963636	1	12.714	12.525
796	7	1	0.963636	0.963636	1	12.7114	12.5125
797	7	1	0.963636	0.963636	1	12.7154	12.5005
798	7	1	0.963636	0.963636	1	12.7106	12.4888
799	7	1	0.963636	0.963636	1	12.6802	12.4762
800	7	1	0.963636	0.963636	1	12.6635	12.4639
801	7	1	0.963636	0.963636	1	12.6533	12.4521
802	7	1	0.963636	0.963636	1	12.6403	12.4401
803	7	1	0.963636	0.963636	1	12.6304	12.4281
804	7	1	0.963636	0.963636	1	12.6219	12.4154
805	7	1	0.963636	0.963636	1	12.606	12.4033
806	7	1	0.963636	0.963636	1	12.5836	12.3916
807	7	1	0.963636	0.963636	1	12.5681	12.3791
808	7	1	0.963636	0.963636	1	12.5641	12.3671
809	7	1	0.963636	0.963636	1	12.5496	12.3551
810	7	1	0.963636	0.963636	1	12.5326	12.3429
811	7	1	0.963636	0.963636	1	12.5194	12.3309
812	7	1	0.963636	0.963636	1	12.511	12.3185
813	7	1	0.963636	0.963636	1	12.5015	12.3067
814	7	1	0.963636	0.963636	1	12.484	12.2944
815	7	1	0.963636	0.963636	1	12.472	12.2828
816	7	1	0.963636	0.963636	1	12.4649	12.2702
817	7	1	0.963636	0.963636	1	12.4556	12.2583
818	7	1	0.963636	0.963636	1	12.4477	12.2461
819	7	1	0.963636	0.963636	1	12.4316	12.2343
820	7	1	0.963636	0.963636	1	12.4199	12.2221
821	7	1	0.963636	0.963636	1	12.4106	12.2102
822	7	1	0.963636	0.963636	1	12.4005	12.1981
823	7	1	0.963636	0.963636	1	12.3871	12.1861
824	7	1	0.963636	0.963636	1	12.3732	12.1738
825	7	1	0.963636	0.963636	1	12.3604	12.162
826	7	1	0.963636	0.963636	1	12.3452	12.1499
827	7	1	0.963636	0.963636	1	12.3429	12.138
828	7	1	0.963636	0.963636	1	12.334	12.1261
829	7	1	0.963636	0.963636	1	12.3236	12.1139
830	7	1	0.963636	0.963636	1	12.3095	12.1019
831	7	1	0.963636	0.963636	1	12.3016	12.09
832	7	1	0.963636	0.963636	1	12.2931	12.0778
833	7	1	0.963636	0.963636	1	12.2706	12.0659
834	7	1	0.945455	0.963636	1	12.2562	12.0541
835	7	1	0.963636	0.963636	1	12.2517	12.0421
836	7	1	0.963636	0.963636	1	12.2487	12.03
837	7	1	0.963636	0.963636	1	12.2341	12.0181
838	7	1	0.945455	0.963636	1	12.2196	12.0063
839	7	1	0.945455	0.963636	1	12.2016	11.9941
840	7	1	0.963636	0.963636	1	12.1755	11.9824
841	7	1	0.963636	0.963636	1	12.1537	11.9707
842	7	1	0.963636	0.963636	1	12.1484	11.9584
843	7	1	0.963636	0.963636	1	12.1375	11.9466
844	7	1	0.963636	0.963636	1	12.1284	11.9346
845	7	1	0.963636	0.963636	1	12.1178	11.9229
846	7	1	0.945455	0.963636	1	12.1104	11.911
847	7	1	0.963636	0.963636	1	12.0909	11.8989
848	7	1	0.963636	0.963636	1	12.0774	11.8871
849	7	1	0.963636	0.963636	1	12.0731	11.8753
850	7	1	0.963636	0.963636	1	12.0644	11.8636
851	7	1	0.963636	0.963636	1	12.046	11.8515
852	7	1	0.963636	0.963636	1	12.0185	11.8399
853	7	1	0.963636	0.963636	1	12.006	11.8277
854	7	1	0.963636	0.963636	1	12.0095	11.8159
855	7	1	0.963636	0.963636	1	11.9993	11.8038
856	7	1	0.963636	0.963636	1	11.9841	11.7921
857	7	1	0.963636	0.963636	1	11.9706	11.7803
858	7	1	0.963636	0.963636	1	11.9587	11.7684
859	7	1	0.963636	0.963636	1	11.9499	11.7565
860	7	1	0.945455	0.963636	1	11.9403	11.7448
861	7	1	0.963636	0.963636	1	11.9269	11.733
862	7	1	0.963636	0.963636	1	11.9167	11.7212
863	7	1	0.963636	0.963636	1	11.9055	11.7093
864	7	1	0.963636	0.963636	1	11.8941	11.6973
865	7	1	0.945455	0.963636	1	11.8868	11.6854
866	7	1	0.945455	0.963636	1	11.8732	11.6738
867	7	1	0.963636	0.963636	1	11.8624	11.6618
868	7	1	0.963636	0.963636	1	11.8507	11.6501
869	7	1	0.963636	0.963636	1	11.8401	11.6382
870	7	1	0.963636	0.963636	1	11.8284	11.6262
871	7	1	0.963636	0.963636	1	11.8174	11.6144
872	7	1	0.963636	0.963636	1	11.7963	11.6027
873	7	1	0.963636	0.963636	1	11.7808	11.5909
874	7	1	0.963636	0.963636	1	11.7721	11.579
875	7	1	0.963636	0.963636	1	11.7671	11.5672
876	7	1	0.963636	0.963636	1	11.7584	11.5559
877	7	1	0.963636	0.963636	1	11.7489	11.5439
878	7	1	0.963636	0.963636	1	11.7252	11.532
879	7	1	0.963636	0.963636	1	11.7109	11.5204
880	7	1	0.963636	0.963636	1	11.7012	11.5083
881	7	1	0.963636	0.963636	1	11.6784	11.4966
882	7	1	0.963636	0.963636	1	11.6632	11.4848
883	7	1	0.963636	0.963636	1	11.6501	11.4733
884	7	1	0.945455	0.963636	1	11.645	11.4613
885	7	1	0.963636	0.963636	1	11.6229	11.4496
886	7	1	0.981818	0.963636	1	11.6139	11.4382
887	7	1	0.963636	0.969697	1	11.6034	11.4263
888	7	1	0.963636	0.969697	1	11.5935	11.4144
889	7	1	0.963636	0.969697	1	11.5837	11.4027
890	7	1	0.945455	0.969697	1	11.5695	11.3915
891	7	1	0.963636	0.969697	1	11.5594	11.3797
892	7	1	0.963636	0.969697	1	11.5477	11.368
893	7	1	0.963636	0.969697	1	11.5335	11.356
894	7	1	0.963636	0.969697	1	11.5268	11.3442
895	7	1	0.963636	0.969697	1	11.5214	11.3324
896	7	1	0.963636	0.969697	1	11.513	11.3207
897	7	1	0.963636	0.969697	1	11.5001	11.3093
898	7	1	0.963636	0.969697	1	11.4858	11.2974
899	7	1	0.945455	0.969697	1	11.4741	11.2858
900	7	1	0.963636	0.969697	1	11.4651	11.2741
901	7	1	0.963636	0.969697	1	11.4602	11.2624
902	7	1	0.963636	0.969697	1	11.4556	11.2509
903	7	1	0.963636	0.969697	1	11.4331	11.239
904	7	1	0.963636	0.969697	1	11.4146	11.2272
905	7	1	0.963636	0.969697	1	11.3998	11.2156
906	7	1	0.963636	0.969697	1	11.3859	11.2042
907	7	1	0.963636	0.969697	1	11.3743	11.1924
908	7	1	0.963636	0.969697	1	11.3645	11.1806
909	7	1	0.963636	0.969697	1	11.3528	11.1691
910	7	1	0.963636	0.969697	1	11.3402	11.1572
911	7	1	0.963636	0.969697	1	11.3323	11.1458
912	7	1	0.963636	0.969697	1	11.3255	11.1343
913	7	1	0.963636	0.969697	1	11.3138	11.1224
914	7	1	0.981818	0.969697	1	11.2952	11.1105
915	7	1	0.981818	0.975758	1	11.2796	11.099
916	7	1	0.981818	0.981818	1	11.2642	11.0874
917	7	1	0.963636	0.981818	1	11.2559	11.0757
918	7	1	0.963636	0.981818	1	11.2518	11.0643
919	7	1	0.963636	0.981818	1	11.2481	11.0526
920	7	1	0.963636	0.981818	1	11.2351	11.041
921	7	1	0.963636	0.981818	1	11.2247	11.0292
922	7	1	0.963636	0.981818	1	11.2144	11.0178
923	7	1	0.945455	0.981818	1	11.2045	11.006
924	7	1	0.963636	0.981818	1	11.1943	10.9946
925	7	1	0.963636	0.981818	1	11.1826	10.9829
926	7	1	0.963636	0.981818	1	11.168	10.9712
927	7	1	0.963636	0.981818	1	11.1551	10.96
928	7	1	0.963636	0.981818	1	11.143	10.9485
929	7	1	0.963636	0.981818	1	11.1256	10.9365
930	7	1	0.963636	0.981818	1	11.1102	10.925
931	7	1	0.963636	0.981818	1	11.0999	10.9137
932	7	1	0.963636	0.981818	1	11.0847	10.9021
933	7	1	0.963636	0.981818	1	11.0808	10.8906
934	7	1	0.963636	0.981818	1	11.0843	10.879
935	7	1	0.963636	0.981818	1	11.0836	10.8676
936	7	1	0.945455	0.981818	1	11.075	10.856
937	7	1	0.963636	0.981818	1	11.0609	10.8442
938	7	1	0.963636	0.981818	1	11.0438	10.8327
939	7	1	0.963636	0.981818	1	11.0298	10.8211
940	7	1	0.963636	0.981818	1	11.0196	10.8098
941	7	1	0.963636	0.981818	1	11.0041	10.7982
942	7	1	0.963636	0.981818	1	10.9889	10.7868
943	7	1	0.963636	0.981818	1	10.9796	10.7754
944	7	1	0.963636	0.981818	1	10.9679	10.7638
945	7	1	0.963636	0.981818	1	10.9582	10.7521
946	7	1	0.963636	0.981818	1	10.9495	10.7408
947	7	1	0.963636	0.981818	1	10.9443	10.7295
948	7	1	0.963636	0.981818	1	10.9291	10.7179
949	7	1	0.963636	0.981818	1	10.912	10.7067
950	7	1	0.963636	0.981818	1	10.8942	10.695
951	7	1	0.963636	0.981818	1	10.8842	10.6835
952	7	1	0.963636	0.981818	1	10.8667	10.672
953	7	1	0.963636	0.981818	1	10.8517	10.6606
954	7	1	0.963636	0.981818	1	10.8411	10.6492
955	7	1	0.963636	0.981818	1	10.8386	10.638
956	7	1	0.963636	0.981818	1	10.8261	10.6264
957	7	1	0.963636	0.981818	1	10.8106	10.615
958	7	1	0.963636	0.981818	1	10.8034	10.6036
959	7	1	0.963636	0.981818	1	10.7883	10.5919
960	7	1	0.963636	0.981818	1	10.7753	10.5806
961	7	1	0.963636	0.981818	1	10.7662	10.5692
962	7	1	0.963636	0.981818	1	10.7533	10.5578
963	7	1	0.963636	0.981818	1	10.7454	10.5465
964	7	1	0.963636	0.981818	1	10.7282	10.535
965	7	1	0.963636	0.981818	1	10.7135	10.5235
966	7	1	0.963636	0.981818	1	10.7112	10.5125
967	7	1	0.963636	0.981818	1	10.7017	10.5007
968	7	1	0.963636	0.981818	1	10.6968	10.4894
969	7	1	0.963636	0.981818	1	10.6766	10.4781
970	7	1	0.963636	0.981818	1	10.6605	10.4667
971	7	1	0.963636	0.981818	1	10.6503	10.4552
972	7	1	0.963636	0.981818	1	10.6407	10.4438
973	7	1	0.963636	0.981818	1	10.6212	10.4327
974	7	1	0.963636	0.981818	1	10.6242	10.4213
975	7	1	0.963636	0.981818	1	10.6274	10.4101
976	7	1	0.963636	0.981818	1	10.6259	10.3986
977	7	1	0.963636	0.981818	1	10.5968	10.3873
978	7	1	0.963636	0.981818	1	10.5675	10.3759
979	7	1	0.963636	0.981818	1	10.5435	10.3647
980	7	1	0.963636	0.981818	1	10.5394	10.3533
981	7	1	0.963636	0.981818	1	10.5411	10.3423
982	7	1	0.963636	0.981818	1	10.5224	10.3307
983	7	1	0.963636	0.981818	1	10.5023	10.3198
984	7	1	0.963636	0.981818	1	10.4896	10.3083
985	7	1	0.963636	0.981818	1	10.4803	10.2971
986	7	1	0.963636	0.981818	1	10.4719	10.2857
987	7	1	0.963636	0.981818	1	10.4643	10.2744
988	7	1	0.963636	0.981818	1	10.4425	10.2633
989	7	1	0.963636	0.981818	1	10.4299	10.252
990	7	1	0.963636	0.981818	1	10.4261	10.2409
991	7	1	0.963636	0.981818	1	10.4231	10.2297
992	7	1	0.963636	0.981818	1	10.4048	10.2184
993	7	1	0.963636	0.981818	1	10.3927	10.2073
994	7	1	0.963636	0.981818	1	10.3858	10.1961
995	7	1	0.963636	0.981818	1	10.382	10.1849
996	7	1	0.963636	0.981818	1	10.3669	10.1737
997	7	1	0.963636	0.981818	1	10.3474	10.1625
998	7	1	0.963636	0.981818	1	10.3361	10.1515
999	7	1	0.963636	0.981818	1	10.3366	10.1403
