0	9	0.32	0.2	0.0666667	0.314815	27.4484	26.8702
1	9	0.58	0.509091	0.236364	0.462963	27.0758	26.8226
2	9	0.38	0.509091	0.406061	0.462963	26.9448	27.3346
3	9	0.48	0.509091	0.509091	0.537037	26.8319	26.5083
4	9	0.56	0.563636	0.527273	0.574074	26.7574	26.3575
5	9	0.42	0.327273	0.527273	0.574074	26.7585	26.638
6	9	0.66	0.654545	0.527273	0.574074	26.488	26.446
7	9	0.76	0.672727	0.551515	0.740741	26.3196	26.0685
8	9	0.72	0.654545	0.660606	0.722222	26.2692	26.0167
9	9	0.72	0.690909	0.672727	0.740741	26.095	25.9041
10	9	0.8	0.727273	0.690909	0.740741	26.0036	25.5058
11	9	0.72	0.727273	0.715152	0.740741	25.8918	25.8758
12	9	0.72	0.763636	0.739394	0.777778	25.7843	25.7597
13	9	0.86	0.781818	0.757576	0.796296	25.7117	25.543
14	9	0.8	0.781818	0.775758	0.814815	25.6219	25.5107
15	9	0.78	0.781818	0.781818	0.814815	25.554	25.5738
16	9	0.9	0.8	0.787879	0.814815	25.4896	25.318
17	9	0.86	0.8	0.793939	0.814815	25.4645	25.3167
18	9	0.84	0.8	0.8	0.814815	25.4525	25.2685
19	9	0.88	0.8	0.8	0.814815	25.4145	25.2316
20	9	0.82	0.818182	0.806061	0.814815	25.3372	25.2345
21	9	0.94	0.836364	0.818182	0.888889	25.278	25.1459
22	9	0.9	0.854545	0.836364	0.888889	25.233	25.1091
23	9	0.9	0.836364	0.842424	0.888889	25.2205	25.0991
24	9	0.92	0.836364	0.842424	0.888889	25.1908	24.9744
25	9	0.9	0.818182	0.842424	0.888889	25.1675	25.0257
26	9	0.94	0.854545	0.842424	0.888889	25.1009	24.8776
27	9	0.96	0.836364	0.842424	0.888889	25.0759	24.8353
28	9	0.88	0.818182	0.842424	0.888889	25.0712	25.0831
29	9	0.86	0.854545	0.842424	0.888889	25.0048	24.9662
30	9	0.94	0.872727	0.848485	0.888889	24.9588	24.8525
31	9	0.88	0.854545	0.860606	0.888889	24.95	24.9301
32	9	0.88	0.836364	0.860606	0.888889	24.9554	24.8421
33	9	0.8	0.854545	0.860606	0.888889	24.9115	25.0255
34	9	0.94	0.872727	0.860606	0.888889	24.8513	24.6576
35	9	0.94	0.836364	0.860606	0.888889	24.8442	24.673
36	9	0.96	0.854545	0.860606	0.888889	24.8202	24.5905
37	9	0.94	0.854545	0.860606	0.888889	24.7821	24.6062
38	9	0.88	0.909091	0.872727	0.907407	24.7318	24.7422
39	9	0.92	0.872727	0.878788	0.907407	24.7166	24.5843
40	9	0.92	0.854545	0.878788	0.907407	24.7166	24.6114
41	9	0.92	0.872727	0.878788	0.907407	24.6696	24.5803
42	9	0.92	0.872727	0.878788	0.907407	24.6373	24.609
43	9	0.96	0.909091	0.884848	0.907407	24.6171	24.4708
44	9	0.94	0.872727	0.884848	0.907407	24.5943	24.5317
45	9	0.94	0.909091	0.89697	0.907407	24.5567	24.455
46	9	0.96	0.872727	0.89697	0.907407	24.5364	24.3685
47	9	0.94	0.909091	0.89697	0.907407	24.5005	24.4258
48	9	0.96	0.854545	0.89697	0.907407	24.4932	24.3003
49	9	0.86	0.854545	0.89697	0.907407	24.4664	24.4857
50	9	0.94	0.909091	0.89697	0.907407	24.4238	24.3531
51	9	0.98	0.909091	0.89697	0.907407	24.4082	24.2978
52	9	0.9	0.909091	0.909091	0.907407	24.3751	24.4119
53	9	0.9	0.909091	0.909091	0.907407	24.3456	24.3929
54	9	0.9	0.909091	0.909091	0.907407	24.3161	24.2885
55	9	0.96	0.909091	0.909091	0.907407	24.2979	24.1723
56	9	0.92	0.909091	0.909091	0.907407	24.2813	24.2855
57	9	1	0.909091	0.909091	0.907407	24.2457	24.1051
58	9	0.98	0.909091	0.909091	0.907407	24.2156	24.1105
59	9	1	0.909091	0.909091	0.907407	24.1981	24.0821
60	9	0.92	0.927273	0.915152	0.962963	24.1591	24.187
61	9	0.98	0.909091	0.915152	0.962963	24.1448	24.0297
62	9	0.94	0.909091	0.915152	0.962963	24.1291	24.0768
63	9	0.96	0.909091	0.915152	0.962963	24.0866	24.05
64	9	0.98	0.945455	0.921212	0.962963	24.0713	23.938
65	9	0.98	0.909091	0.921212	0.962963	24.0643	23.8922
66	9	0.96	0.945455	0.933333	0.944444	24.0038	23.9523
67	9	0.98	0.963636	0.939394	0.962963	23.9824	23.9576
68	9	0.98	0.945455	0.951515	0.962963	23.9672	23.8586
69	9	0.98	0.909091	0.951515	0.962963	23.9592	23.8592
70	9	0.98	0.963636	0.951515	0.962963	23.9233	23.8551
71	9	0.94	0.945455	0.951515	0.962963	23.9018	23.8676
72	9	0.98	0.927273	0.951515	0.962963	23.8849	23.8166
73	9	0.94	0.945455	0.951515	0.962963	23.8543	23.8149
74	9	1	0.963636	0.951515	0.962963	23.8283	23.7427
75	9	1	0.927273	0.951515	0.962963	23.805	23.7011
76	9	1	0.945455	0.951515	0.962963	23.7833	23.6754
77	9	0.98	0.927273	0.951515	0.962963	23.7541	23.6259
78	9	1	0.963636	0.951515	0.962963	23.7286	23.6276
79	9	0.98	0.963636	0.951515	0.962963	23.7103	23.6013
80	9	0.98	0.927273	0.951515	0.962963	23.6983	23.5938
81	9	1	0.963636	0.951515	0.962963	23.6716	23.5531
82	9	0.98	0.927273	0.951515	0.962963	23.6616	23.5708
83	9	0.98	0.963636	0.951515	0.962963	23.6307	23.5596
84	9	0.96	0.963636	0.951515	0.962963	23.6064	23.5687
85	9	0.98	0.963636	0.963636	0.962963	23.5856	23.4789
86	9	0.98	0.963636	0.963636	0.962963	23.5613	23.4819
87	9	1	0.963636	0.963636	0.962963	23.5354	23.4851
88	9	0.98	0.963636	0.963636	0.962963	23.5141	23.4525
89	9	1	0.963636	0.963636	0.962963	23.4971	23.4254
90	9	0.98	0.963636	0.963636	0.962963	23.483	23.4103
91	9	1	0.963636	0.963636	0.962963	23.4429	23.3428
92	9	1	0.963636	0.963636	0.962963	23.4204	23.3103
93	9	0.98	0.945455	0.963636	0.962963	23.4199	23.3435
94	9	0.98	0.963636	0.963636	0.962963	23.3776	23.2922
95	9	0.98	0.963636	0.963636	0.962963	23.3478	23.2952
96	9	0.96	0.945455	0.963636	0.962963	23.3391	23.311
97	9	0.96	0.963636	0.963636	0.962963	23.3123	23.31
98	9	0.92	0.963636	0.963636	0.962963	23.2911	23.3851
99	9	1	0.963636	0.963636	0.962963	23.2679	23.1517
100	9	1	0.963636	0.963636	0.962963	23.2375	23.1643
101	9	1	0.963636	0.963636	0.962963	23.2311	23.109
102	9	1	0.963636	0.963636	0.962963	23.212	23.1228
103	9	0.98	0.963636	0.963636	0.962963	23.1733	23.1473
104	9	0.98	0.963636	0.963636	0.962963	23.149	23.1532
105	9	0.96	0.945455	0.963636	0.962963	23.1418	23.1242
106	9	1	0.963636	0.963636	0.962963	23.1163	22.9974
107	9	0.98	0.963636	0.963636	0.962963	23.094	23.0263
108	9	0.98	0.963636	0.963636	0.962963	23.0746	22.9865
109	9	0.96	0.963636	0.963636	0.962963	23.0448	23.0357
110	9	0.98	0.963636	0.963636	0.962963	23.0275	22.9436
111	9	0.98	0.963636	0.963636	0.962963	23.0108	22.9747
112	9	1	0.963636	0.963636	0.962963	22.9861	22.8866
113	9	1	0.963636	0.963636	0.962963	22.9646	22.8807
114	9	0.98	0.963636	0.963636	0.962963	22.9575	22.886
115	9	0.96	0.963636	0.963636	0.962963	22.925	22.9678
116	9	0.98	0.963636	0.963636	0.962963	22.8977	22.8316
117	9	0.98	0.963636	0.963636	0.962963	22.8747	22.8136
118	9	1	0.963636	0.963636	0.962963	22.8543	22.7784
119	9	1	0.963636	0.963636	0.962963	22.8468	22.7271
120	9	1	0.963636	0.963636	0.962963	22.8143	22.7049
121	9	1	0.963636	0.963636	0.962963	22.7846	22.6925
122	9	0.98	0.963636	0.963636	0.962963	22.7725	22.7265
123	9	0.98	0.963636	0.963636	0.962963	22.755	22.7063
124	9	0.98	0.963636	0.963636	0.962963	22.7284	22.6563
125	9	0.98	0.963636	0.963636	0.962963	22.7067	22.6953
126	9	0.98	0.963636	0.963636	0.962963	22.6843	22.6406
127	9	1	0.963636	0.963636	0.962963	22.6672	22.5835
128	9	1	0.963636	0.963636	0.962963	22.6521	22.5804
129	9	0.98	0.963636	0.963636	0.962963	22.6253	22.5563
130	9	1	0.963636	0.963636	0.962963	22.6022	22.5431
131	9	1	0.963636	0.963636	0.962963	22.589	22.5183
132	9	1	0.963636	0.963636	0.962963	22.574	22.4795
133	9	1	0.981818	0.969697	0.981481	22.5453	22.4455
134	9	1	0.981818	0.975758	0.981481	22.5241	22.4341
135	9	1	0.981818	0.981818	0.981481	22.4954	22.4243
136	9	0.98	0.981818	0.981818	0.981481	22.4743	22.4263
137	9	1	0.981818	0.981818	0.981481	22.4593	22.3902
138	9	1	0.981818	0.981818	0.981481	22.4366	22.346
139	9	1	0.981818	0.981818	0.981481	22.42	22.3753
140	9	1	0.981818	0.981818	0.981481	22.3972	22.3497
141	9	1	0.981818	0.981818	0.981481	22.3718	22.3505
142	9	1	0.981818	0.981818	0.981481	22.3547	22.3194
143	9	1	0.981818	0.981818	0.981481	22.3361	22.2529
144	9	1	0.981818	0.981818	0.981481	22.3235	22.2337
145	9	1	0.981818	0.981818	0.981481	22.3051	22.222
146	9	1	0.981818	0.981818	0.981481	22.2863	22.2124
147	9	1	0.981818	0.981818	0.981481	22.2655	22.2015
148	9	1	0.981818	0.981818	0.981481	22.2358	22.1752
149	9	0.98	0.981818	0.981818	0.981481	22.2204	22.1992
150	9	1	0.981818	0.981818	0.981481	22.2043	22.1348
151	9	1	0.981818	0.981818	0.981481	22.1807	22.1053
152	9	1	0.981818	0.981818	0.981481	22.1637	22.0849
153	9	0.98	0.981818	0.981818	0.981481	22.1486	22.0908
154	9	1	0.981818	0.981818	0.981481	22.1134	22.088
155	9	1	0.981818	0.981818	0.981481	22.0983	22.0367
156	9	1	0.981818	0.981818	0.981481	22.0907	22.029
157	9	1	0.981818	0.981818	0.981481	22.0595	22.007
158	9	1	0.981818	0.981818	0.981481	22.0393	21.9579
159	9	0.98	0.981818	0.981818	0.981481	22.0252	21.9721
160	9	0.98	0.981818	0.981818	0.981481	22.0082	21.9753
161	9	1	0.981818	0.981818	0.981481	21.9838	21.8995
162	9	0.98	0.981818	0.981818	0.981481	21.9651	21.9493
163	9	1	0.981818	0.981818	0.981481	21.9526	21.8626
164	9	1	0.981818	0.981818	0.981481	21.9292	21.8689
165	9	1	0.981818	0.981818	0.981481	21.9044	21.8476
166	9	1	0.981818	0.981818	0.981481	21.8801	21.8297
167	9	1	0.981818	0.981818	0.981481	21.8642	21.8157
168	9	1	0.981818	0.981818	0.981481	21.8507	21.7883
169	9	1	0.981818	0.981818	0.981481	21.8287	21.7762
170	9	1	0.981818	0.981818	0.981481	21.8044	21.7405
171	9	1	0.981818	0.981818	0.981481	21.794	21.7203
172	9	1	0.981818	0.981818	0.981481	21.7722	21.6938
173	9	1	0.981818	0.981818	0.981481	21.7442	21.7137
174	9	1	0.981818	0.981818	0.981481	21.7405	21.6727
175	9	1	0.981818	0.981818	0.981481	21.7126	21.6456
176	9	1	0.981818	0.981818	0.981481	21.6945	21.6371
177	9	1	0.981818	0.981818	0.981481	21.6769	21.6283
178	9	1	0.981818	0.981818	0.981481	21.658	21.5892
179	9	1	0.981818	0.981818	0.981481	21.6366	21.5702
180	9	1	0.981818	0.981818	0.981481	21.6158	21.5507
181	9	1	0.981818	0.981818	0.981481	21.5969	21.5322
182	9	1	0.981818	0.981818	0.981481	21.5714	21.5315
183	9	1	0.981818	0.981818	0.981481	21.5552	21.5175
184	9	0.98	0.981818	0.981818	0.981481	21.5438	21.5293
185	9	1	0.981818	0.981818	0.981481	21.5189	21.4708
186	9	1	0.981818	0.981818	0.981481	21.493	21.4605
187	9	1	0.981818	0.981818	0.981481	21.4913	21.4248
188	9	0.98	0.981818	0.981818	0.981481	21.4799	21.4474
189	9	1	0.981818	0.981818	0.981481	21.445	21.4057
190	9	1	0.981818	0.981818	0.981481	21.4344	21.3721
191	9	1	0.981818	0.981818	0.981481	21.412	21.3449
192	9	1	0.981818	0.981818	0.981481	21.389	21.342
193	9	1	0.981818	0.981818	0.981481	21.3736	21.3241
194	9	1	0.981818	0.981818	0.981481	21.3516	21.2944
195	9	0.98	0.981818	0.981818	0.981481	21.3338	21.3086
196	9	1	0.981818	0.981818	0.981481	21.3186	21.2589
197	9	1	0.981818	0.981818	0.981481	21.2991	21.2556
198	9	1	0.981818	0.981818	0.981481	21.2778	21.2445
199	9	1	0.981818	0.981818	0.981481	21.2656	21.2215
200	9	1	0.981818	0.981818	0.981481	21.242	21.1908
201	9	1	0.981818	0.981818	0.981481	21.2263	21.1597
202	9	1	0.981818	0.981818	0.981481	21.2048	21.1579
203	9	1	0.981818	0.981818	0.981481	21.1885	21.1348
204	9	0.98	0.981818	0.981818	0.981481	21.1748	21.1566
205	9	1	0.981818	0.981818	0.981481	21.1481	21.1027
206	9	1	0.981818	0.981818	0.981481	21.1322	21.0982
207	9	1	0.981818	0.981818	0.981481	21.1103	21.0641
208	9	1	0.981818	0.981818	0.981481	21.0987	21.0372
209	9	1	0.981818	0.981818	0.981481	21.0741	21.0139
210	9	0.98	0.981818	0.981818	0.981481	21.0529	21.0385
211	9	1	0.981818	0.981818	0.981481	21.0416	20.9776
212	9	1	0.981818	0.981818	0.981481	21.0175	20.9861
213	9	1	0.981818	0.981818	0.981481	21.0008	20.9438
214	9	1	0.981818	0.981818	0.981481	20.9836	20.9494
215	9	1	0.981818	0.981818	0.981481	20.9651	20.9342
216	9	1	0.981818	0.981818	0.981481	20.9415	20.9189
217	9	1	0.981818	0.981818	0.981481	20.9317	20.8973
218	9	1	0.981818	0.981818	0.981481	20.914	20.8678
219	9	1	0.981818	0.981818	0.981481	20.8919	20.8256
220	9	1	0.981818	0.981818	0.981481	20.8727	20.8266
221	9	1	0.981818	0.981818	0.981481	20.8525	20.8252
222	9	1	0.981818	0.981818	0.981481	20.8411	20.7944
223	9	1	0.981818	0.981818	0.981481	20.816	20.794
224	9	1	0.981818	0.981818	0.981481	20.7987	20.7414
225	9	1	0.981818	0.981818	0.981481	20.792	20.7415
226	9	1	0.981818	0.981818	0.981481	20.7674	20.7183
227	9	1	0.981818	0.981818	0.981481	20.741	20.6991
228	9	1	0.981818	0.981818	0.981481	20.7293	20.7045
229	9	1	0.981818	0.981818	0.981481	20.7156	20.6556
230	9	1	0.981818	0.981818	0.981481	20.6882	20.6407
231	9	1	0.981818	0.981818	0.981481	20.6763	20.6302
232	9	1	0.981818	0.981818	0.981481	20.6584	20.6015
233	9	1	0.981818	0.981818	0.981481	20.6397	20.5882
234	9	1	0.981818	0.981818	0.981481	20.6228	20.5905
235	9	1	0.981818	0.981818	0.981481	20.6058	20.5676
236	9	1	0.981818	0.981818	0.981481	20.5838	20.5649
237	9	1	0.981818	0.981818	0.981481	20.5624	20.5327
238	9	1	0.981818	0.981818	0.981481	20.5452	20.51
239	9	1	0.981818	0.981818	0.981481	20.5328	20.4972
240	9	1	0.981818	0.981818	0.981481	20.5179	20.4587
241	9	1	0.981818	0.981818	0.981481	20.4935	20.4619
242	9	1	0.981818	0.981818	0.981481	20.4728	20.4304
243	9	1	0.981818	0.981818	0.981481	20.4572	20.4183
244	9	1	0.981818	0.981818	0.981481	20.4385	20.3932
245	9	1	0.981818	0.981818	0.981481	20.4252	20.3694
246	9	1	0.981818	0.981818	0.981481	20.4104	20.3654
247	9	1	0.981818	0.981818	0.981481	20.388	20.3439
248	9	0.98	0.981818	0.981818	0.981481	20.3679	20.3672
249	9	1	0.981818	0.981818	0.981481	20.357	20.3393
250	9	1	0.981818	0.981818	0.981481	20.3361	20.2932
251	9	1	0.981818	0.981818	0.981481	20.3157	20.268
252	9	1	0.981818	0.981818	0.981481	20.2992	20.2629
253	9	1	0.981818	0.981818	0.981481	20.2831	20.2361
254	9	1	0.981818	0.981818	0.981481	20.2628	20.2222
255	9	1	0.981818	0.981818	0.981481	20.2485	20.201
256	9	1	0.981818	0.981818	0.981481	20.2414	20.1972
257	9	1	0.981818	0.981818	0.981481	20.2178	20.177
258	9	1	0.981818	0.981818	0.981481	20.1909	20.1514
259	9	1	0.981818	0.981818	0.981481	20.1804	20.138
260	9	1	0.981818	0.981818	0.981481	20.1617	20.1147
261	9	1	0.981818	0.981818	0.981481	20.1434	20.1033
262	9	1	0.981818	0.981818	0.981481	20.1275	20.0751
263	9	0.98	0.981818	0.981818	0.981481	20.1151	20.0902
264	9	1	0.981818	0.981818	0.981481	20.0913	20.0696
265	9	1	0.981818	0.981818	0.981481	20.0771	20.0285
266	9	1	0.981818	0.981818	0.981481	20.0598	20.0167
267	9	1	0.981818	0.981818	0.981481	20.042	20.0124
268	9	1	0.981818	0.981818	0.981481	20.0216	19.9889
269	9	1	0.981818	0.981818	0.981481	20.0041	19.9786
270	9	1	0.981818	0.981818	0.981481	19.9842	19.9426
271	9	1	0.981818	0.981818	0.981481	19.9665	19.9486
272	9	0.98	0.981818	0.981818	0.981481	19.9533	19.9448
273	9	1	0.981818	0.981818	0.981481	19.9433	19.8975
274	9	1	0.981818	0.981818	0.981481	19.9193	19.88
275	9	1	0.981818	0.981818	0.981481	19.8984	19.8589
276	9	1	0.981818	0.981818	0.981481	19.8894	19.8449
277	9	1	0.981818	0.981818	0.981481	19.8746	19.8323
278	9	0.98	0.981818	0.981818	0.981481	19.854	19.8325
279	9	0.98	0.981818	0.981818	0.981481	19.8348	19.838
280	9	1	0.981818	0.981818	0.981481	19.8172	19.7731
281	9	0.98	0.981818	0.981818	0.981481	19.7946	19.7761
282	9	1	0.981818	0.981818	0.981481	19.7838	19.7506
283	9	1	0.981818	0.981818	0.981481	19.7767	19.7252
284	9	1	0.981818	0.981818	0.981481	19.7477	19.712
285	9	0.98	0.981818	0.981818	0.981481	19.7324	19.7242
286	9	1	0.981818	0.981818	0.981481	19.7169	19.6869
287	9	0.98	0.981818	0.981818	0.981481	19.6921	19.6921
288	9	1	0.981818	0.981818	0.981481	19.6752	19.6488
289	9	1	0.981818	0.981818	0.981481	19.6666	19.6242
290	9	1	0.981818	0.981818	0.981481	19.648	19.6029
291	9	1	0.981818	0.981818	0.981481	19.6293	19.5856
292	9	1	0.981818	0.981818	0.981481	19.6106	19.5745
293	9	1	0.981818	0.981818	0.981481	19.5936	19.57
294	9	1	0.981818	0.981818	0.981481	19.5831	19.5445
295	9	1	0.981818	0.981818	0.981481	19.567	19.5263
296	9	1	0.981818	0.981818	0.981481	19.5401	19.5041
297	9	1	0.981818	0.981818	0.981481	19.5304	19.4948
298	9	1	0.981818	0.981818	0.981481	19.5186	19.4764
299	9	1	0.981818	0.981818	0.981481	19.4947	19.4667
300	9	1	0.981818	0.981818	0.981481	19.4782	19.448
301	9	1	0.981818	0.981818	0.981481	19.4667	19.4241
302	9	1	0.981818	0.981818	0.981481	19.4445	19.4068
303	9	1	0.981818	0.981818	0.981481	19.4273	19.3882
304	9	1	0.981818	0.981818	0.981481	19.4144	19.3956
305	9	1	0.981818	0.981818	0.981481	19.4044	19.354
306	9	1	0.981818	0.981818	0.981481	19.3817	19.3533
307	9	1	0.981818	0.981818	0.981481	19.3659	19.3206
308	9	1	0.981818	0.981818	0.981481	19.3451	19.3105
309	9	1	0.981818	0.981818	0.981481	19.3329	19.2991
310	9	1	0.981818	0.981818	0.981481	19.316	19.2854
311	9	1	0.981818	0.981818	0.981481	19.299	19.2555
312	9	1	0.981818	0.981818	0.981481	19.2796	19.2547
313	9	1	0.981818	0.981818	0.981481	19.2609	19.2272
314	9	1	0.981818	0.981818	0.981481	19.2495	19.2144
315	9	0.98	0.981818	0.981818	0.981481	19.2328	19.2143
316	9	1	0.981818	0.981818	0.981481	19.2181	19.1747
317	9	1	0.981818	0.981818	0.981481	19.1992	19.1674
318	9	1	0.981818	0.981818	0.981481	19.1852	19.1416
319	9	1	0.981818	0.981818	0.981481	19.1671	19.1402
320	9	0.98	0.981818	0.981818	0.981481	19.1463	19.1344
321	9	1	0.981818	0.981818	0.981481	19.1269	19.0947
322	9	1	0.981818	0.981818	0.981481	19.1132	19.0798
323	9	1	0.981818	0.981818	0.981481	19.1023	19.062
324	9	1	0.981818	0.981818	0.981481	19.089	19.0477
325	9	0.98	0.981818	0.981818	0.981481	19.0678	19.0555
326	9	1	0.981818	0.981818	0.981481	19.0471	19.0164
327	9	1	0.981818	0.981818	0.981481	19.0357	18.9953
328	9	1	0.981818	0.981818	0.981481	19.0187	18.9827
329	9	1	0.981818	0.981818	0.981481	19.0011	18.9638
330	9	1	0.981818	0.981818	0.981481	18.9834	18.9468
331	9	1	0.981818	0.981818	0.981481	18.9693	18.936
332	9	1	0.981818	0.981818	0.981481	18.9532	18.9177
333	9	1	0.981818	0.981818	0.981481	18.9353	18.8984
334	9	1	0.981818	0.981818	0.981481	18.9244	18.892
335	9	1	0.981818	0.981818	0.981481	18.9082	18.8675
336	9	1	0.981818	0.981818	0.981481	18.8879	18.8525
337	9	1	0.981818	0.981818	0.981481	18.8704	18.8505
338	9	1	0.981818	0.981818	0.981481	18.8576	18.8197
339	9	1	0.981818	0.981818	0.981481	18.8411	18.8108
340	9	1	0.981818	0.981818	0.981481	18.8241	18.7874
341	9	1	0.981818	0.981818	0.981481	18.8111	18.7746
342	9	1	0.981818	0.981818	0.981481	18.7973	18.761
343	9	1	0.981818	0.981818	0.981481	18.777	18.74
344	9	1	0.981818	0.981818	0.981481	18.7607	18.7301
345	9	1	0.981818	0.981818	0.981481	18.7444	18.721
346	9	1	0.981818	0.981818	0.981481	18.7253	18.6935
347	9	1	0.981818	0.981818	0.981481	18.7114	18.6825
348	9	1	0.981818	0.981818	0.981481	18.6941	18.6586
349	9	1	1	0.987879	1	18.6744	18.6514
350	9	1	0.981818	0.987879	1	18.6603	18.6286
351	9	1	0.981818	0.987879	1	18.644	18.6149
352	9	1	0.981818	0.987879	1	18.6323	18.6025
353	9	1	0.981818	0.987879	1	18.62	18.5894
354	9	1	0.981818	0.987879	1	18.6005	18.5674
355	9	1	0.981818	0.987879	1	18.5873	18.5564
356	9	1	0.981818	0.987879	1	18.5733	18.5361
357	9	1	0.981818	0.987879	1	18.5541	18.5303
358	9	1	0.981818	0.987879	1	18.5338	18.5037
359	9	1	0.981818	0.987879	1	18.5215	18.4935
360	9	1	0.981818	0.987879	1	18.5082	18.4878
361	9	1	0.981818	0.987879	1	18.4925	18.4582
362	9	1	0.981818	0.987879	1	18.4769	18.4422
363	9	1	0.981818	0.987879	1	18.4598	18.4364
364	9	1	0.981818	0.987879	1	18.4438	18.4103
365	9	1	0.981818	0.987879	1	18.4296	18.3933
366	9	1	0.981818	0.987879	1	18.417	18.3777
367	9	1	0.981818	0.987879	1	18.3962	18.3723
368	9	1	0.981818	0.987879	1	18.3789	18.3461
369	9	1	1	0.987879	1	18.3599	18.3406
370	9	1	0.981818	0.987879	1	18.3471	18.3246
371	9	1	0.981818	0.987879	1	18.3401	18.3028
372	9	1	0.981818	0.987879	1	18.3285	18.2917
373	9	1	0.981818	0.987879	1	18.2972	18.2798
374	9	1	1	0.987879	1	18.2792	18.2535
375	9	1	0.981818	0.987879	1	18.2722	18.2372
376	9	1	0.981818	0.987879	1	18.2578	18.2224
377	9	1	0.981818	0.987879	1	18.2401	18.2058
378	9	1	0.981818	0.987879	1	18.2237	18.1955
379	9	1	0.981818	0.987879	1	18.2089	18.178
380	9	1	1	0.987879	1	18.1867	18.1619
381	9	1	1	0.993939	1	18.1718	18.1529
382	9	1	0.981818	0.993939	1	18.1642	18.1388
383	9	1	0.981818	0.993939	1	18.1521	18.1219
384	9	1	0.981818	0.993939	1	18.1317	18.1011
385	9	1	0.981818	0.993939	1	18.113	18.087
386	9	1	1	0.993939	1	18.0957	18.069
387	9	1	0.981818	0.993939	1	18.0818	18.0552
388	9	1	0.981818	0.993939	1	18.0678	18.0428
389	9	1	0.981818	0.993939	1	18.0531	18.0227
390	9	1	0.981818	0.993939	1	18.0381	18.0085
391	9	1	1	0.993939	1	18.018	17.9961
392	9	1	0.981818	0.993939	1	18.0112	17.9867
393	9	1	0.981818	0.993939	1	17.9991	17.9623
394	9	1	0.981818	0.993939	1	17.9784	17.9464
395	9	1	1	0.993939	1	17.9549	17.9367
396	9	1	0.981818	0.993939	1	17.9422	17.9176
397	9	1	0.981818	0.993939	1	17.9325	17.9074
398	9	1	0.981818	0.993939	1	17.9185	17.8945
399	9	1	1	0.993939	1	17.8935	17.8709
400	9	1	1	0.993939	1	17.8801	17.8586
401	9	1	0.981818	0.993939	1	17.8682	17.8432
402	9	1	0.981818	0.993939	1	17.8622	17.8244
403	9	1	0.981818	0.993939	1	17.8451	17.8116
404	9	1	0.981818	0.993939	1	17.8272	17.7955
405	9	1	0.981818	0.993939	1	17.8138	17.7809
406	9	1	0.981818	0.993939	1	17.7931	17.7686
407	9	1	0.981818	0.993939	1	17.7764	17.7512
408	9	1	0.981818	0.993939	1	17.7659	17.7362
409	9	1	0.981818	0.993939	1	17.7494	17.7216
410	9	1	0.981818	0.993939	1	17.7342	17.7047
411	9	1	0.981818	0.993939	1	17.7205	17.6998
412	9	1	0.981818	0.993939	1	17.707	17.6788
413	9	1	0.981818	0.993939	1	17.6933	17.6629
414	9	1	0.981818	0.993939	1	17.676	17.6542
415	9	1	0.981818	0.993939	1	17.6596	17.6293
416	9	1	0.981818	0.993939	1	17.6443	17.6157
417	9	1	0.981818	0.993939	1	17.6306	17.6095
418	9	1	0.981818	0.993939	1	17.6182	17.591
419	9	1	0.981818	0.993939	1	17.6012	17.5756
420	9	1	0.981818	0.993939	1	17.5841	17.5572
421	9	1	0.981818	0.993939	1	17.5698	17.5523
422	9	1	0.981818	0.993939	1	17.5571	17.5335
423	9	1	0.981818	0.993939	1	17.5435	17.5181
424	9	1	0.981818	0.993939	1	17.5273	17.4982
425	9	1	0.981818	0.993939	1	17.5071	17.4862
426	9	1	0.981818	0.993939	1	17.4922	17.4669
427	9	1	0.981818	0.993939	1	17.4787	17.4518
428	9	1	0.981818	0.993939	1	17.4687	17.4382
429	9	1	0.981818	0.993939	1	17.4523	17.4291
430	9	1	0.981818	0.993939	1	17.4337	17.4112
431	9	1	1	0.993939	1	17.4142	17.3934
432	9	1	1	0.993939	1	17.4034	17.3796
433	9	1	0.981818	0.993939	1	17.3958	17.3642
434	9	1	0.981818	0.993939	1	17.3807	17.3494
435	9	1	0.981818	0.993939	1	17.3627	17.3383
436	9	1	0.981818	0.993939	1	17.3462	17.3206
437	9	1	1	0.993939	1	17.3283	17.3062
438	9	1	0.981818	0.993939	1	17.3156	17.2916
439	9	1	0.981818	0.993939	1	17.3039	17.2844
440	9	1	0.981818	0.993939	1	17.2878	17.2674
441	9	1	0.981818	0.993939	1	17.272	17.247
442	9	1	0.981818	0.993939	1	17.2578	17.2333
443	9	1	0.981818	0.993939	1	17.2428	17.2238
444	9	1	1	0.993939	1	17.2249	17.2086
445	9	1	1	0.993939	1	17.2101	17.1913
446	9	1	0.981818	0.993939	1	17.2003	17.174
447	9	1	0.981818	0.993939	1	17.1886	17.1593
448	9	1	0.981818	0.993939	1	17.1684	17.1464
449	9	1	1	0.993939	1	17.153	17.1298
450	9	1	0.981818	0.993939	1	17.1455	17.1199
451	9	1	0.981818	0.993939	1	17.1347	17.1007
452	9	1	1	0.993939	1	17.1087	17.0894
453	9	1	1	0.993939	1	17.0931	17.0711
454	9	1	1	1	1	17.0809	17.0605
